0.000000000000000000e+00 0.000000000000000000e+00 0.000000000000000000e+00 1.000000000000000000e+00
1.839845693438995732e-04 1.035860140079214036e-04 -2.891120922976819817e-04 9.999999359169049473e-01
3.313231794260895584e-04 1.865421685891682237e-04 -5.211252716412054014e-04 9.999997919276890634e-01
2.938175695275694016e-04 1.656519727935175097e-04 -4.617651533088213073e-04 9.999998365017881419e-01
7.659976207630809445e-05 4.371102410949733255e-05 -1.198398243672461942e-04 9.999999889301196543e-01
-1.471894595232355876e-04 -8.216133101882055069e-05 2.329097390430084067e-04 9.999999586689153341e-01
-5.182363680280858064e-04 -2.910234997607209339e-04 8.178786501618701609e-04 9.999994889053210878e-01
-7.266927909139067696e-04 -4.085895177292207152e-04 1.146680294365930034e-03 9.999989950477431444e-01
-8.927511252847521953e-04 -5.024815865490371396e-04 1.408882066619379474e-03 9.999984827783520158e-01
-1.012813944987273757e-03 -5.704181732671085052e-04 1.598174474766324727e-03 9.999980473327778618e-01
-1.162506736402998692e-03 -6.550642191447591037e-04 1.832884547952449159e-03 9.999974299982927750e-01
-1.152615245463866310e-03 -6.498066549011334916e-04 1.817552762246831682e-03 9.999974728624886344e-01
-1.120358876573051892e-03 -6.314271026059100397e-04 1.767068157463893598e-03 9.999976117801125941e-01
-1.447734123659301549e-03 -8.155566199830578894e-04 2.284107611182735129e-03 9.999960108849071938e-01
-1.740214968115270586e-03 -9.802598372133214909e-04 2.747098755748181818e-03 9.999942320788368644e-01
-1.985268344630690407e-03 -1.118451379594856757e-03 3.134113116722544393e-03 9.999924925273605547e-01
-2.609584046038509238e-03 -1.469129373235813357e-03 4.121242785049532981e-03 9.999870234597537655e-01
-3.226689035393416095e-03 -1.818498425260611437e-03 5.098729721562470993e-03 9.999801420511172934e-01
-3.535744777424324522e-03 -1.992545085628952793e-03 5.583817814704128413e-03 9.999761743419505189e-01
-3.600758623834972739e-03 -2.029392844005278515e-03 5.687221048680823378e-03 9.999752855039775179e-01
-3.415316470054339474e-03 -1.925081945628885237e-03 5.395374748753960399e-03 9.999777595547976183e-01
-3.350980485368729948e-03 -1.888783930047383507e-03 5.293261206676088196e-03 9.999785921762777141e-01
-3.364137783080376268e-03 -1.896134454385716827e-03 5.312895073359178745e-03 9.999784299658902587e-01
-3.124149294353843493e-03 -1.761699976664806572e-03 4.935684372961428312e-03 9.999813873888601101e-01
-2.146392205185831438e-03 -1.211388380971321638e-03 3.397480765352103339e-03 9.999911912927739177e-01
-1.730980025695641380e-03 -9.778164792299873492e-04 2.744089588774475258e-03 9.999942587612252742e-01
-1.353089830126229286e-03 -7.650598947980732098e-04 2.149422095544484875e-03 9.999964819017735929e-01
-1.192689710920409596e-03 -6.745052000504147584e-04 1.897433522258064505e-03 9.999972611362580865e-01
3.831341689529454736e-04 2.141786278800131543e-04 -5.869922454481768049e-04 9.999997313878777883e-01
1.426770492695205762e-03 8.033105862497508980e-04 -2.232918379219568476e-03 9.999961665394397903e-01
2.206382455160178432e-03 1.242769752179142878e-03 -3.459997538763682351e-03 9.999908078661705613e-01
3.345395293016478842e-03 1.885498400430548520e-03 -5.256903940560137857e-03 9.999788088690055865e-01
3.767333360000259951e-03 2.126065551192394577e-03 -5.926148091955299284e-03 9.999730835444617938e-01
5.037476452029516182e-03 2.844849248300872040e-03 -7.933925038759670478e-03 9.999517905865408229e-01
5.535108246225274933e-03 3.129225285575890428e-03 -8.726689196429028572e-03 9.999417060116473355e-01
7.124704135578661945e-03 4.027058623375926426e-03 -1.123660825052278343e-02 9.999033753442623240e-01
9.034509568899375120e-03 5.104648396820503364e-03 -1.425566363566754466e-02 9.998445360434297102e-01
1.201503325879871992e-02 6.789113008167597940e-03 -1.896517521643741391e-02 9.997248966837637418e-01
1.340311291494382905e-02 7.574237434701754784e-03 -2.116055877386499237e-02 9.996575504860901740e-01
1.387778230873145877e-02 7.842579398992270343e-03 -2.190691153709487318e-02 9.996329267953653064e-01
1.570156516601858496e-02 8.867761052996263674e-03 -2.478094292050279576e-02 9.995302539359250948e-01
1.637209735646619549e-02 9.244271861677430882e-03 -2.583645489991531069e-02 9.994893573540952758e-01
1.553083388352557472e-02 8.772266164603212055e-03 -2.450750771351702106e-02 9.995405057379573854e-01
1.542519206126236747e-02 8.715221694802967323e-03 -2.433912041666394174e-02 9.995467550735317452e-01
9.746825635757639869e-03 5.523960308663242169e-03 -1.539394601908542631e-02 9.998187394115476412e-01
6.255272665718737170e-03 3.558172830257064993e-03 -9.897558469245292673e-03 9.999251218497989813e-01
4.964105828227422315e-03 2.831752045449335582e-03 -7.866414009732106138e-03 9.999527280648355942e-01
3.221780801797965305e-03 1.850125826324008124e-03 -5.126827575385775951e-03 9.999799562000751818e-01
8.338594097636601232e-04 5.043522470281143390e-04 -1.373216075077322634e-03 9.999985822914484457e-01
-1.833758058322467884e-05 2.160907150248843190e-05 -3.507221821492033479e-05 9.999999989833604497e-01
-8.581216152025302141e-05 -1.820217172840779291e-05 7.146113806907189447e-05 9.999999935991299438e-01
1.889462960425225199e-03 1.088028744738050524e-03 -3.037513371200640470e-03 9.999930097934143225e-01
5.230666770240244984e-03 2.961750319642908903e-03 -8.294459243644615454e-03 9.999475336766617817e-01
6.706974090215477545e-03 3.786676158767409914e-03 -1.060261445040236103e-02 9.999141273874663227e-01
7.059074580328704614e-03 3.992393368228260714e-03 -1.117821409751878527e-02 9.999046343481227117e-01
5.294855406974834262e-03 2.994988439254468813e-03 -8.390582903165974896e-03 9.999462948923872885e-01
2.891682921071776595e-03 1.637754842010019163e-03 -4.595787892388694673e-03 9.999839172019767686e-01
-1.256685774758463338e-03 -7.035849847641295531e-04 1.954632929935870914e-03 9.999970525552273060e-01
-4.899608949265931226e-03 -2.758679081342454466e-03 7.691854545264057569e-03 9.999546084175646721e-01
-6.478554345448912614e-03 -3.650376648013068433e-03 1.017247802937141371e-02 9.999206087358449846e-01
-1.029252393782565528e-02 -5.799515110794736111e-03 1.618418778495549909e-02 9.997992306664426065e-01
-1.068070940267662298e-02 -6.021986452236450550e-03 1.680024185326527489e-02 9.997836816029237461e-01
-6.352954721197608644e-03 -3.591793038098357611e-03 9.975367686340153722e-03 9.999236125967845279e-01
-1.507370666480794012e-03 -8.712293190220220728e-04 2.334251206778648752e-03 9.999957600232369792e-01
5.410564717831856975e-03 3.014420006277525668e-03 -8.568523828057731523e-03 9.999441081684856680e-01
9.568091704067365963e-03 5.353704067838679914e-03 -1.511468259335502565e-02 9.998256527235129809e-01
1.119039311043984637e-02 6.265615193378607818e-03 -1.766874419886188194e-02 9.997616379151170740e-01
1.288245008055378775e-02 7.218209713052488319e-03 -2.032917952792906435e-02 9.996842823552753998e-01
1.228662722389699431e-02 6.881851706395820771e-03 -1.938222751436799451e-02 9.997129628874148466e-01
9.631788277737125467e-03 5.386625471296144392e-03 -1.519814471337827683e-02 9.998235991002993872e-01
7.853196901386418419e-03 4.384483650738393509e-03 -1.240347439954793581e-02 9.998826218233639596e-01
4.134187544255563465e-03 2.294803882829418284e-03 -6.547696249460883793e-03 9.999673844892708052e-01
1.971884736121577893e-04 8.232263172062000362e-05 -3.487002442385915015e-04 9.999999163739113905e-01
-2.924862876814205738e-03 -1.673226316368811670e-03 4.556792637889494312e-03 9.999839404368958684e-01
-6.402065447020207495e-03 -3.647795539605122855e-03 1.006138402102600346e-02 9.999222348249361403e-01
-7.561528540709913128e-03 -4.301339274451677908e-03 1.188312157920462693e-02 9.998915507134301661e-01
-7.270518496170962075e-03 -4.137985648942054014e-03 1.142372018261888014e-02 9.998997526016072390e-01
-5.596032947818866711e-03 -3.195310350574624703e-03 8.780361920523825983e-03 9.999406880668249009e-01
-2.592887948135075542e-03 -1.505792894796432200e-03 4.063687613768946112e-03 9.999872479001041814e-01
7.758945671363673370e-04 3.954521923595256819e-04 -1.239917945462240718e-03 9.999988521036776712e-01
4.774591323856662746e-03 2.653677239757194252e-03 -7.545688499790653356e-03 9.999566109886276477e-01
6.519587492035940068e-03 3.641402996026655865e-03 -1.029893161337639036e-02 9.999190803113906512e-01
3.270403418619046831e-03 1.816288951286992859e-03 -5.174028100683881158e-03 9.999796172868417043e-01
-1.651915435338306096e-03 -9.493063183341721948e-04 2.584847299999562444e-03 9.999948442653813219e-01
-4.587078495435429303e-03 -2.598849913242647601e-03 7.211351544359799817e-03 9.999600997534396907e-01
-7.729458266919858427e-03 -4.367129149900535537e-03 1.215985993886616393e-02 9.998866543084546921e-01
-9.927729781563204500e-03 -5.604076349062133734e-03 1.561167441070825113e-02 9.998131376070992227e-01
-1.190314357770472231e-02 -6.716229626495837622e-03 1.871884857567412616e-02 9.997313699892456107e-01
-1.292865434698229829e-02 -7.293849091462022670e-03 2.033432637721303837e-02 9.996830321821974508e-01
-1.372096361318105723e-02 -7.745949528713766581e-03 2.158122614105555115e-02 9.996429293010945516e-01
-1.640733175814037409e-02 -9.266701039563255901e-03 2.582048770209771638e-02 9.994889844972018045e-01
-1.742950008562986486e-02 -9.847049453128007418e-03 2.743952765274484257e-02 9.994229937649159456e-01
-1.814067867983844284e-02 -1.026285458117756622e-02 2.857082366165077797e-02 9.993744531596630010e-01
-1.761821428491936251e-02 -9.972205995383598073e-03 2.775966556609622132e-02 9.994096030160281030e-01
-1.555392938517043654e-02 -8.809534897444456364e-03 2.452063450528899416e-02 9.995394968979615102e-01
-1.287245234804792159e-02 -7.298999134905142204e-03 2.030197256753092303e-02 9.996843774372204949e-01
-1.037622267410911320e-02 -5.892217022254737056e-03 1.636965973637465044e-02 9.997948039581399104e-01
-8.490577337938154043e-03 -4.828682572724468484e-03 1.339767181176862790e-02 9.998625387077488824e-01
-6.872158310347357794e-03 -3.915233520982917999e-03 1.084359930460694448e-02 9.999099263137430915e-01
-6.437742514249634833e-03 -3.670238264482068771e-03 1.015341561477708411e-02 9.999209933658538274e-01
-6.664110147881955812e-03 -3.795258881253910695e-03 1.050462984792820305e-02 9.999154156216010225e-01
-8.214565140212660987e-03 -4.667206362279607487e-03 1.293848115460845272e-02 9.998716586691218655e-01
-5.106388168849290352e-03 -2.914573310381536608e-03 8.030110817904674569e-03 9.999504724647816367e-01
-2.307958814510761500e-03 -1.333014987384131475e-03 3.615691906240028203e-03 9.999899115337080868e-01
-2.310916441422970324e-03 -1.335742344636666216e-03 3.623328958660389232e-03 9.999898734211496443e-01
-4.450867584880323705e-03 -2.545964099039457577e-03 6.994929042938965308e-03 9.999623886988112664e-01
-9.825182169160870762e-05 -1.070668035533379315e-04 1.724595152820798324e-04 9.999999745704971632e-01
3.168102104809600566e-03 1.719840885097929451e-03 -4.941005002161970305e-03 9.999812956980506096e-01
4.594537735092792292e-03 2.512410730628533446e-03 -7.154090226372057486e-03 9.999606977318430401e-01
1.106715262466159352e-02 6.159080538397281555e-03 -1.733677626653909107e-02 9.997694834552554033e-01
2.055814953687397709e-02 1.151463417166019056e-02 -3.229613836335503557e-02 9.992005480054179101e-01
2.685782893613869113e-02 1.506931471951572683e-02 -4.223578460945949520e-02 9.986329211863309574e-01
3.178319221071189415e-02 1.787870157523338208e-02 -5.006494377838822951e-02 9.980799978595642497e-01
3.629102061813579277e-02 2.044863193150926739e-02 -5.722937989881618503e-02 9.974916607927210022e-01
3.660656442696184204e-02 2.063306799346419779e-02 -5.774950232613139389e-02 9.974463549119401140e-01
3.873387812220441262e-02 2.183442450395018872e-02 -6.111051263092259073e-02 9.971401355066304983e-01
3.947752593689975165e-02 2.227633559844246006e-02 -6.231101403105028524e-02 9.970268939946551612e-01
3.791581840357869521e-02 2.139039203625262703e-02 -5.984043295368089016e-02 9.972582235445534016e-01
3.514169958508801817e-02 1.982178623150876451e-02 -5.544106700663072040e-02 9.976464533240372301e-01
3.397735449706535543e-02 1.915844472812209057e-02 -5.357369012548431758e-02 9.978017604230405846e-01
3.040438514502200040e-02 1.713955884673229110e-02 -4.793106486124057430e-02 9.982406633211052815e-01
3.012689860953541784e-02 1.698236425392764606e-02 -4.748741631888260539e-02 9.982729659646578657e-01
2.479302024956667877e-02 1.397909281076304376e-02 -3.907973191884941966e-02 9.988306491414066235e-01
1.802675341014343263e-02 1.017614684818089754e-02 -2.844775495240388016e-02 9.993809120825662973e-01
1.793773927852079092e-02 1.013612268772462466e-02 -2.834027195081426087e-02 9.993859742422791514e-01
1.954244064984758666e-02 1.104589920614539901e-02 -3.087269393317981087e-02 9.992712133817741593e-01
1.773106051387694782e-02 1.004072680294324296e-02 -2.804277803581610093e-02 9.993990173591107418e-01
1.885446031433538408e-02 1.068248391665872939e-02 -2.984346043681369159e-02 9.993196494279404929e-01
2.530728645482480804e-02 1.431138037532209313e-02 -4.002720499419717276e-02 9.987755245821751116e-01
2.789244908895924246e-02 1.577082494336190868e-02 -4.408885757145850071e-02 9.985136278501508533e-01
2.164883039582828073e-02 1.224426435910542892e-02 -3.421815814091928865e-02 9.991048612564350506e-01
1.781954666674409257e-02 1.008467372941616522e-02 -2.818050884013427460e-02 9.993931268694388192e-01
2.077493598651073553e-02 1.172786645211673986e-02 -3.278443529859844524e-02 9.991776818891571210e-01
1.808011356767295560e-02 1.016079426879557858e-02 -2.849627543688885989e-02 9.993787220265560878e-01
2.324904190970475751e-02 1.312789049835258806e-02 -3.656651797676465504e-02 9.989744893161182082e-01
6.957913034654175828e-03 3.931692834420564414e-03 -1.099630914750007737e-02 9.999076009426024481e-01
5.033013390402968010e-03 2.830526085367160265e-03 -7.959666133133702637e-03 9.999516491377677951e-01
5.813163751421879244e-03 3.277306945023843697e-03 -9.209896073899360991e-03 9.999353200085969728e-01
8.443699090897332019e-03 4.762286201146578683e-03 -1.338727282429600512e-02 9.998633934203855489e-01
9.163826701713669726e-03 5.154136335092448715e-03 -1.450530579839322265e-02 9.998395147535005245e-01
1.548106345958923449e-02 8.709108309317491886e-03 -2.445053422681010141e-02 9.995432254198117761e-01
1.762147276872849666e-02 9.909711031491737904e-03 -2.780913020086241833e-02 9.994087920376750755e-01
2.220974136713320390e-02 1.249834769910566565e-02 -3.502653754852807361e-02 9.990613896856184173e-01
2.485122027931655625e-02 1.397238116322454919e-02 -3.915599129640501275e-02 9.988263101064441818e-01
1.973603974829851032e-02 1.108057951392829935e-02 -3.107956297312979704e-02 9.992606117815754363e-01
1.574692183955971395e-02 8.841183179824619459e-03 -2.480494818722782380e-02 9.995291804034481808e-01
1.335781899485002054e-02 7.496222770334985339e-03 -2.104613664866727962e-02 9.996611603178570116e-01
7.378612943458561814e-03 4.133469541624735372e-03 -1.163828830666953362e-02 9.998965050173292957e-01
5.055496767448081248e-03 2.821267572494799963e-03 -7.954640021088766819e-03 9.999516018807378392e-01
1.505816592228598509e-03 8.096663804228170641e-04 -2.345014353855652545e-03 9.999957889233450636e-01
-4.865330115462545516e-04 -3.127064838338421832e-04 7.852762041993810449e-04 9.999995244206704159e-01
-5.344478345580592517e-03 -3.052789684756039394e-03 8.456174023820177063e-03 9.999453035777673415e-01
-2.013727810600512286e-02 -1.142367153740913265e-02 3.178485883185312028e-02 9.992265571471397045e-01
-2.098560055666671975e-02 -1.188219909174253498e-02 3.312438448336563895e-02 9.991602439381875866e-01
-2.281661091319582904e-02 -1.297147032136621025e-02 3.592581060582471925e-02 9.990097493800809136e-01
-6.273094792765825101e-03 -3.628454871550401434e-03 9.957688401449470150e-03 9.999241606435290697e-01
-1.937057693070708521e-03 -1.158228921348470469e-03 3.291935315623828462e-03 9.999920347058457448e-01
-8.783641209051484475e-03 -4.998838962052825664e-03 1.404715827277312409e-02 9.998502570888312402e-01
-1.167794743223369777e-02 -6.611583341015978346e-03 1.858067016704539193e-02 9.997373010974625052e-01
-9.401160639170538097e-03 -5.307767027100545459e-03 1.493955925417551900e-02 9.998301132478025766e-01
-9.386385692052088073e-03 -5.302819212241839837e-03 1.489498499867598219e-02 9.998309433568915994e-01
-8.367372994319418125e-03 -4.734950888162437616e-03 1.328397228228238303e-02 9.998655426554433623e-01
-6.677452957394806182e-03 -3.798035334651127075e-03 1.062761054268401666e-02 9.999140165252968782e-01
-2.500025595960627973e-03 -1.445881113235575853e-03 4.054715498721050970e-03 9.999876092142595541e-01
3.179001670976551973e-03 1.753558262619624945e-03 -4.878467270454420190e-03 9.999815095984958546e-01
5.526709144193716304e-03 3.071142607132708920e-03 -8.560322985149804165e-03 9.999433706163125546e-01
1.146235873401789266e-03 6.079923790112006952e-04 -1.654981799163554156e-03 9.999977887594723169e-01
-5.581007520582563844e-03 -3.167099092688538745e-03 8.935341179928404931e-03 9.999394889274003662e-01
-1.365241496770814265e-02 -7.679407187995505521e-03 2.159246962559741023e-02 9.996441384444058054e-01
-1.853048930111757253e-02 -1.041059083388411362e-02 2.924352002671777931e-02 9.993463148984929045e-01
-2.162660023516513666e-02 -1.213082753017716113e-02 3.410491806819947180e-02 9.991105983569901205e-01
-4.082587217075024991e-03 -2.290509155978419885e-03 6.490620315042515409e-03 9.999679784359835066e-01
2.459999758150036367e-02 1.389894291835854813e-02 -3.871977810934715963e-02 9.988505585361132644e-01
2.755682303010977344e-02 1.556390519038230481e-02 -4.336242484176366929e-02 9.985580035589092240e-01
2.605016834142091786e-02 1.471160518326477921e-02 -4.096615353397195514e-02 9.987125370530534063e-01
2.390626841708509351e-02 1.349665426916208180e-02 -3.758121136147808683e-02 9.989164045136674774e-01
1.848990285248480747e-02 1.041670747500031240e-02 -2.919947533939964979e-02 9.993482908064583725e-01
2.144564311493890943e-02 1.207357760006452611e-02 -3.383239424080738966e-02 9.991244578205742410e-01
1.375282082145816258e-02 7.739628810456725301e-03 -2.170729241133324133e-02 9.996398108926526360e-01
6.008110607915497989e-03 3.383103578987693011e-03 -9.509789106975335971e-03 9.999310081841835673e-01
3.562886986710627618e-03 2.012717210156270229e-03 -5.653996733964751498e-03 9.999756432667169515e-01
2.876994043687851853e-03 1.640196446209943575e-03 -4.592636078318695914e-03 9.999839700488917238e-01
1.076405465682924627e-03 6.439169623465096836e-04 -1.779624422363248592e-03 9.999976298267583275e-01
1.398335115204472033e-02 7.917127202189009824e-03 -2.212419331242141893e-02 9.996260826217459039e-01
1.866503835261498420e-02 1.055025353966403644e-02 -2.947980612656593558e-02 9.993354039181662207e-01
2.533485150478194739e-02 1.430404949227150578e-02 -3.997957210244260789e-02 9.987768385789985714e-01
3.006371682445339519e-02 1.696238556506571987e-02 -4.743006222052394832e-02 9.982779370518004569e-01
3.165694061204377130e-02 1.785158465693200205e-02 -4.991930884617547942e-02 9.980917901879777787e-01
3.299457810878762137e-02 1.859669103676563073e-02 -5.201664274075637473e-02 9.979277477732979573e-01
2.846507993237693684e-02 1.605236796869916396e-02 -4.489533986284415662e-02 9.984570442265610080e-01
2.973302615348306574e-02 1.675153279302214401e-02 -4.691086873764478693e-02 9.983159338100940916e-01
1.054023554401897940e-02 5.978715010985742595e-03 -1.671045819160136073e-02 9.997869367962960441e-01
-1.649228541517127125e-02 -9.252533893340459184e-03 2.591688019638703488e-02 9.994852227317938542e-01
-1.690433741175196430e-02 -9.493507515231402669e-03 2.658691064520914138e-02 9.994584798149804827e-01
-1.559284091810295668e-02 -8.753521486754001907e-03 2.454211371376981837e-02 9.995388555869874070e-01
-1.618712698834271629e-02 -9.106427935868962459e-03 2.547647362677649130e-02 9.995028760247047783e-01
-1.491547079386787607e-02 -8.392620123462356599e-03 2.347853395320427874e-02 9.995778364398987259e-01
-1.355622601199941990e-02 -7.633298867933530768e-03 2.135856148792604145e-02 9.996508257065919167e-01
-1.149817069029810714e-02 -6.506370057933086315e-03 1.814130598244106940e-02 9.997481444027277453e-01
-6.963028801966672336e-03 -3.949056861627813636e-03 1.098212671461689521e-02 9.999076527723101959e-01
-1.556212800668036085e-02 -8.766712758007656064e-03 2.449855751412673838e-02 9.995402871315639537e-01
-1.988040120577344930e-02 -1.119629333014772639e-02 3.129231768857623774e-02 9.992498203738843232e-01
-2.176506911614105311e-02 -1.226570713814624861e-02 3.425731697276242910e-02 9.991007308718168334e-01
-3.663772988133055103e-02 -2.064805943024279611e-02 5.770069889189580886e-02 9.974477248148370112e-01
-3.818287024458512369e-02 -2.151914010084057111e-02 6.011878151806619025e-02 9.972285230266875189e-01
-3.365523993044907541e-02 -1.896745571960709031e-02 5.297084851384985943e-02 9.978485103744313411e-01
-2.593931542675364729e-02 -1.462181277272231461e-02 4.081611347354317104e-02 9.987228841812656466e-01
-1.046555748152607455e-02 -5.913726749499756755e-03 1.644473613648239629e-02 9.997925137727001754e-01
-7.477937421962862694e-03 -4.237279326045814525e-03 1.175289123856508577e-02 9.998939921128443542e-01
-3.731148369657646176e-03 -2.133085162266787523e-03 5.863914624453152834e-03 9.999735711431634311e-01
-5.552300285678707717e-03 -3.151494419088949651e-03 8.745451531501295672e-03 9.999413768426499427e-01
-2.493928234495336200e-03 -1.416356469468254544e-03 3.919449566686958840e-03 9.999882060161544572e-01
-3.682359917180971862e-03 -2.079900227433483482e-03 5.729564717321382339e-03 9.999746428428245570e-01
-1.493151359691821493e-02 -8.414148723702016483e-03 2.343909883249743406e-02 9.995783414264641786e-01
-1.760877723393729569e-02 -9.934758545002728841e-03 2.766147174786605031e-02 9.994128648950444394e-01
-1.809352155208805366e-02 -1.019797982041883294e-02 2.845458356092009714e-02 9.993792885385414104e-01
-1.177348395401370956e-02 -6.649123238112219017e-03 1.852537399691946141e-02 9.997369577814072539e-01
-6.300560041905183505e-03 -3.573016315971505943e-03 9.907355198713010958e-03 9.999246875692843206e-01
2.775620789755303599e-03 1.561708385115726612e-03 -4.377651946821964346e-03 9.999853464724290930e-01
-5.865258885393176240e-03 -3.312580160389700084e-03 9.259708368627423899e-03 9.999344395268203733e-01
-3.815595716623752277e-03 -2.184900671889413067e-03 6.055010997484497337e-03 9.999720017481498191e-01
7.298814872182620220e-03 3.994503021156670108e-03 -1.153089338462733732e-02 9.998988997617849206e-01
3.780520549971253322e-03 2.019940760847414168e-03 -6.006568428303923901e-03 9.999727739490762435e-01
3.242491784509670457e-03 1.723141312841823059e-03 -5.184996477804244830e-03 9.999798162175917993e-01
3.856633018985482393e-03 2.073961011414998321e-03 -6.159119949686223117e-03 9.999714447467615841e-01
1.126008521103352700e-03 5.331536723424388537e-04 -1.846962682930032573e-03 9.999975182873306334e-01
5.984322881214268475e-03 3.278134627811947650e-03 -9.498986927050449489e-03 9.999316031411223937e-01
1.071642537159153523e-02 5.955189957907752740e-03 -1.697710414154203137e-02 9.997807118937570570e-01
1.729258654901047118e-02 9.673231463889746945e-03 -2.735699604905805771e-02 9.994293320743908859e-01
1.875190297947588666e-02 1.049273281137324751e-02 -2.965581196763866778e-02 9.993291757520830210e-01
1.107863979391646853e-02 6.149737971489133669e-03 -1.755859079127662301e-02 9.997655426911967735e-01
8.871759403544069583e-03 4.904296778269946581e-03 -1.409372230971649848e-02 9.998492920183786881e-01
1.172844003345022493e-02 6.516886687827608618e-03 -1.856502560223255438e-02 9.997376224323402116e-01
1.662357360252053606e-02 9.277675053032171520e-03 -2.630001245413884914e-02 9.994728064790978639e-01
1.516378934670769250e-02 8.458190819659140020e-03 -2.400260630478532123e-02 9.995611003792036486e-01
1.657718141066956766e-02 9.256157623706819798e-03 -2.623291143577918469e-02 9.994755399508911120e-01
9.646360644464417253e-03 5.361787405017340649e-03 -1.531363247650345538e-02 9.998218299389722841e-01
3.553446055324732244e-03 1.920824616575391884e-03 -5.679550316265483643e-03 9.999757127861302886e-01
4.637834888882231242e-03 2.525466208197100701e-03 -7.393027594678330816e-03 9.999587269737482131e-01
2.050495375949269033e-02 1.145959365032374333e-02 -3.238909003927960967e-02 9.991992651273908788e-01
2.341394680913074650e-02 1.310074870254671758e-02 -3.696130600558047985e-02 9.989564651858527933e-01
1.306453748091152695e-02 7.347129927118979664e-03 -2.057742302165595921e-02 9.996759010819615821e-01
1.289020640748174580e-02 7.252084828132075722e-03 -2.030685868260407104e-02 9.996843908628677555e-01
8.397532999016101701e-03 4.729679137184961829e-03 -1.324187787691274293e-02 9.998658731275323897e-01
4.277049689037575909e-03 2.413236707439766517e-03 -6.774354757221455470e-03 9.999649950134129606e-01
3.138605956483854400e-03 1.774822132130823762e-03 -4.989652350302353767e-03 9.999810510847055856e-01
-6.344437213307877084e-03 -3.573719933384047944e-03 9.945915908944849559e-03 9.999240248133937081e-01
-1.235859716139509068e-02 -6.967577456310197932e-03 1.943945348143467575e-02 9.997103708519463616e-01
-1.407509984455322660e-02 -7.954500632632543339e-03 2.218379926499186236e-02 9.996231772694258444e-01
-5.776861658324606089e-03 -3.281507973044287853e-03 9.124534648233248446e-03 9.999362991922320365e-01
7.175024145520647947e-03 3.989021756204182319e-03 -1.127985062452255098e-02 9.999026811164315465e-01
8.738996926189158965e-03 4.862218109620931004e-03 -1.374662940585515310e-02 9.998554990336137038e-01
1.066815902030742239e-02 5.949077175297246868e-03 -1.679362926894625851e-02 9.997843631903117201e-01
9.846733021296395078e-03 5.491925524319044710e-03 -1.552459618715172629e-02 9.998159168147247033e-01
9.671794823485619155e-03 5.404358970478546215e-03 -1.527929758721163420e-02 9.998218803138146926e-01
1.010477909544147193e-02 5.661466629856838108e-03 -1.598757845300810207e-02 9.998051002921720665e-01
1.718071803811414486e-02 9.641352036802310066e-03 -2.713659952020406468e-02 9.994375779532593818e-01
3.010571570536571887e-02 1.693169767492939612e-02 -4.753518565119123351e-02 9.982721921504271734e-01
2.653283265150060272e-02 1.492048475960115403e-02 -4.189317786527707588e-02 9.986582746737616700e-01
1.787350446962334902e-02 1.004159331139924984e-02 -2.824814783998088469e-02 9.993906875618532304e-01
2.314543987501213942e-02 1.300728258406134638e-02 -3.655081809409008869e-02 9.989790472824859879e-01
2.604410201378139222e-02 1.463692558130793089e-02 -4.109949715038550833e-02 9.987083140205695875e-01
2.981879611530668939e-02 1.674525554642645672e-02 -4.702741404052034058e-02 9.983079976357899232e-01
3.476108983398971952e-02 1.952807050076296735e-02 -5.481920860835239051e-02 9.976999425997902238e-01
3.401404272136669682e-02 1.911072362957139809e-02 -5.364360056521601250e-02 9.977976694994346030e-01
3.477448953392697772e-02 1.953890907007322167e-02 -5.485997994542576861e-02 9.976970224022891909e-01
3.888266656335720439e-02 2.186159351895742425e-02 -6.135253550863539740e-02 9.971188872729250807e-01
4.334062238895093622e-02 2.437430723650910180e-02 -6.838305506301332881e-02 9.964192096592315862e-01
4.103852161212267341e-02 2.308532323548772788e-02 -6.477306158191309393e-02 9.967885222494841102e-01
3.669938261291739307e-02 2.063886584146046657e-02 -5.792853723273490296e-02 9.974324423772692461e-01
3.514714883584443839e-02 1.979736331397866783e-02 -5.546886024015366262e-02 9.976452014008706515e-01
3.058507806941712301e-02 1.723275056027838772e-02 -4.824927388086605595e-02 9.982182090492960347e-01
2.163721374646542656e-02 1.218833713570555491e-02 -3.413352157243092211e-02 9.991086918469985756e-01
2.350993772346437680e-02 1.324088717200119954e-02 -3.708959898751844342e-02 9.989476079265030561e-01
2.505040534707004066e-02 1.415132773049307055e-02 -3.954693684868182402e-02 9.988034125398742580e-01
2.094739387408750542e-02 1.183649766403548249e-02 -3.308659210124442057e-02 9.991628402998478098e-01
1.426484974118341111e-02 8.103649848027447838e-03 -2.258477874917613412e-02 9.996103104159405062e-01
6.836553752672102149e-03 3.910540050298298188e-03 -1.082590546115098744e-02 9.999103804742943691e-01
3.348980444271652552e-03 1.931333241066065902e-03 -5.313507411215848131e-03 9.999784102273843178e-01
-7.219824919658165280e-05 -4.914624269811151969e-06 1.046962539308082807e-04 9.999999919009768812e-01
-3.110112335769074816e-03 -1.723305405901527729e-03 4.893926690521007393e-03 9.999817032832574171e-01
-7.394454714331538323e-04 -4.316123597280403790e-04 1.153487466168057196e-03 9.999989681983832979e-01
4.057782056092942152e-04 2.272596674159962221e-04 -6.272673012800017434e-04 9.999996951163657721e-01
-4.019637647501528473e-03 -2.273317666421342115e-03 6.358369428277610425e-03 9.999691223623777825e-01
-9.800707393251528699e-05 -7.134521036832390496e-05 1.756180951170277775e-04 9.999999772313793445e-01
-3.922669175079791966e-03 -2.220877923647064656e-03 6.144363366504160262e-03 9.999709631617368366e-01
-7.617470136967142806e-03 -4.304431085795170503e-03 1.194843856975438823e-02 9.998903344054712594e-01
-2.262912572188368124e-02 -1.275748300955743646e-02 3.557467993602182049e-02 9.990293346262529850e-01
-2.625590457883054257e-02 -1.479721189743466933e-02 4.128031849035607159e-02 9.986929484582058869e-01
-2.708439332398707156e-02 -1.526006906720624168e-02 4.256415486347865651e-02 9.986099632244280766e-01
-1.958748408712792169e-02 -1.103457296159944534e-02 3.075203090076290835e-02 9.992741772217325069e-01
-6.009253007453324406e-03 -3.391239898509350141e-03 9.359424432630365429e-03 9.999323924868785962e-01
7.778691881938342573e-03 4.376366568690124963e-03 -1.236559825510743713e-02 9.998837089122192268e-01
5.221544684706466710e-03 2.945840664556099303e-03 -8.324425296012502584e-03 9.999473793342208428e-01
3.218346522017821731e-04 1.534446481557903003e-04 -6.069995390767524146e-04 9.999997522143474482e-01
-1.814221937778595205e-03 -1.046107464736861954e-03 2.732161416027889533e-03 9.999940747584106226e-01
-2.217375795453001373e-03 -1.288162655574427023e-03 3.347960214486244823e-03 9.999911074824400226e-01
-5.883532487850746256e-03 -3.337669027046925169e-03 9.061719913247971367e-03 9.999360625775751688e-01
-3.230155379698307697e-03 -1.834926336811023911e-03 4.872173979304630920e-03 9.999812303549887593e-01
1.885021913659410244e-03 1.048095233765105119e-03 -3.180126751891026570e-03 9.999926174640531018e-01
1.964804394354717400e-03 1.093835067071491189e-03 -3.276435535090729823e-03 9.999921039881877194e-01
-9.671603153998781200e-05 -2.962803334930018051e-05 -6.410287042249441528e-06 9.999999948635486247e-01
-8.098199911799565040e-04 -4.574968113908702352e-04 1.139640604775754573e-03 9.999989180531855260e-01
9.765198644860292876e-03 5.496545507219069079e-03 -1.550957208677536392e-02 9.998169242699379566e-01
9.417181661196104975e-03 5.298172470630631986e-03 -1.493564170644237632e-02 9.998300718946437904e-01
8.889455859433008367e-03 5.002348067334664097e-03 -1.404922740321810914e-02 9.998492752898855418e-01
3.610892771621090035e-03 2.042845247236029990e-03 -5.736074109660899145e-03 9.999749425313098072e-01
5.628705222929017600e-03 3.187517936390742677e-03 -8.920577817702043943e-03 9.999392885062158287e-01
6.250186608944117810e-03 3.538881349131443171e-03 -9.908586285775844438e-03 9.999251128979447234e-01
5.633970295564213158e-03 3.192348744154333007e-03 -8.936502165499432548e-03 9.999391012542967472e-01
1.380970738010183592e-03 7.863503249677711218e-04 -2.218020162317479570e-03 9.999962774728449189e-01
-3.066255980438940473e-03 -1.725093502311999313e-03 4.802022209575373089e-03 9.999822811977067127e-01
-4.092994836839444935e-03 -2.310257285471380498e-03 6.452378507093473048e-03 9.999681379504757883e-01
-9.730163055534013158e-04 -5.706131702782352849e-04 1.579550113859684579e-03 9.999981163288844677e-01
-9.902031993883671918e-04 -5.910402159533994018e-04 1.642613156518549005e-03 9.999979859935245186e-01
-4.546309027570877986e-03 -2.605196638366742007e-03 7.257939407937161191e-03 9.999599323674185358e-01
-1.381263973597863376e-02 -7.826573423434995264e-03 2.187141905968878128e-02 9.996347316696670982e-01
-1.835669227679554219e-02 -1.038662971548146886e-02 2.903220003738362504e-02 9.993559331553488745e-01
-1.925837534165063605e-02 -1.088404227407181214e-02 3.041757216976965009e-02 9.992924616478767730e-01
-2.381572476187847689e-02 -1.344759275694443548e-02 3.759222074929242929e-02 9.989188147403403883e-01
-2.026864506298293317e-02 -1.145127314589562684e-02 3.200275003955023456e-02 9.992166303462702848e-01
-2.008494788405505715e-02 -1.135261279183365050e-02 3.172861196752465446e-02 9.992302078269590382e-01
-1.853881026326637677e-02 -1.047186061452508483e-02 2.929769875559957992e-02 9.993439335368574650e-01
-2.175442670762296055e-02 -1.229841484287738998e-02 3.435249642216947619e-02 9.990972925098636770e-01
-2.214810738641015062e-02 -1.252424628888419364e-02 3.496786186443141820e-02 9.990644890249706922e-01
-2.157959065454055983e-02 -1.220837780954481429e-02 3.408750484708951423e-02 9.991112644704500667e-01
-2.178321937043408915e-02 -1.232897570602394660e-02 3.441642292851674473e-02 9.990940884344703399e-01
-2.295739535637610074e-02 -1.292884482135004884e-02 3.636707238515150820e-02 9.989911105791531298e-01
-3.227435392180715013e-02 -1.815423204391882969e-02 5.100371830132379575e-02 9.980117287172854956e-01
-3.314349137945170332e-02 -1.863931053539757271e-02 5.234916127753364012e-02 9.979046299098347506e-01
-3.182703710261503005e-02 -1.789073242689025872e-02 5.025056181861879689e-02 9.980690569491729169e-01
-3.064298915312953578e-02 -1.715902930822248151e-02 4.828003151615405109e-02 9.982162157998436536e-01
-2.291992482476310627e-02 -1.279692360640779028e-02 3.608328448188653781e-02 9.990039601389167911e-01
-1.499921376212131653e-02 -8.334381486044737525e-03 2.364237235220092298e-02 9.995732088753295219e-01
-5.993740772252110355e-03 -3.259918406713971199e-03 9.470580033071647127e-03 9.999318757382293921e-01
9.548850194102658645e-04 6.648461095144948818e-04 -1.466856030714183690e-03 9.999982472522818133e-01
6.994285422487135813e-03 4.079300571901789060e-03 -1.101128675342814833e-02 9.999065910585382966e-01
7.450128680902392934e-03 4.351041359834295977e-03 -1.175746392004647575e-02 9.998936573775693004e-01
3.560441369637197279e-03 2.172791125188946321e-03 -5.663284775434192751e-03 9.999752644148415248e-01
4.491872347484732880e-03 2.705303900435536511e-03 -7.175067915645816363e-03 9.999605106273077304e-01
-1.648374971221743196e-03 -7.441981064648301759e-04 2.452490938772741713e-03 9.999953571478858994e-01
-5.713228800843024591e-03 -3.029100735310902726e-03 8.827380426994699270e-03 9.999401286678126777e-01
-8.164316079326158077e-03 -4.378044588596700232e-03 1.268413054542659457e-02 9.998766371412245446e-01
-1.419384029306145455e-02 -7.733771040967648940e-03 2.218590798522748764e-02 9.996231835897425588e-01
-1.224578783044354829e-02 -6.607309310964508929e-03 1.911748228016588516e-02 9.997204139234872056e-01
-8.547241910417550936e-03 -4.499127735961217650e-03 1.333915092337786823e-02 9.998643755820004753e-01
-5.338554108942434630e-03 -2.697839647329859907e-03 8.290606709506693692e-03 9.999477423053924063e-01
1.562355261428323514e-03 1.135582539116114162e-03 -2.688324216565493585e-03 9.999945211906117182e-01
2.081531823079412272e-02 1.192542902262440536e-02 -3.294554279474665170e-02 9.991692038286292821e-01
1.512569762457397458e-02 8.735615981307325723e-03 -2.399716959657884063e-02 9.995594220135941566e-01
1.040246437007107810e-02 6.077787486396575220e-03 -1.657433459779653062e-02 9.997900482936106226e-01
7.816239559364194719e-03 4.563630028571684892e-03 -1.242187295493064544e-02 9.998818814002005118e-01
-2.640696358834445766e-03 -1.340490516104739195e-03 4.055731977514325480e-03 9.999873903435199107e-01
-9.263586399366773028e-03 -5.085269762140723696e-03 1.446487781442795661e-02 9.998395337794367954e-01
-9.831250209436669107e-03 -5.420848595664128945e-03 1.536806777463207985e-02 9.998188753032705156e-01
-5.208793178184040196e-03 -2.819911464362694596e-03 8.104880776732728553e-03 9.999496124708261435e-01
-3.348721539097402385e-03 -1.785894225441517344e-03 5.202795305669569159e-03 9.999792635684384701e-01
-4.340353852012893317e-03 -2.355445917601733160e-03 6.784507469627427609e-03 9.999647912108522441e-01
-1.687071517712598542e-03 -8.695920785890471402e-04 2.625716185012949132e-03 9.999947515931405517e-01
-7.168065337427743239e-03 -3.960833625396939506e-03 1.123769343723680231e-02 9.999033177675334949e-01
-6.053876249855745170e-03 -3.329838716327518464e-03 9.480100814701297729e-03 9.999311928552973017e-01
-5.218156526490575799e-03 -2.854264552353326292e-03 8.157368058889509499e-03 9.999490393828488477e-01
-6.546912419818863918e-03 -3.635552168006179943e-03 1.024219736486504419e-02 9.999195058060124097e-01
-4.271465105772517812e-03 -2.397623188154287491e-03 6.707228214839759672e-03 9.999655089444694500e-01
-9.006339736687176897e-03 -5.104178158973567830e-03 1.420596937653000220e-02 9.998454998868285815e-01
-1.163178183163790166e-02 -6.626687145528720180e-03 1.833493592774903397e-02 9.997422761859287021e-01
-1.046373541419556331e-02 -5.988541722090227892e-03 1.653893337640503086e-02 9.997905337079340260e-01
-9.889983442248024420e-03 -5.686797745466033033e-03 1.567723640804415119e-02 9.998120187402832482e-01
-1.514308092107065178e-02 -8.610932140942675894e-03 2.391309189755136053e-02 9.995622556818466453e-01
-8.596569554617865608e-03 -4.934779790281311126e-03 1.360324802259526775e-02 9.998583392578920259e-01
-1.658406399433018201e-03 -9.701301176383769417e-04 2.618455417472478897e-03 9.999947260995910581e-01
-6.217145808040528895e-03 -3.527458737305159877e-03 9.768410298846758044e-03 9.999267384629194622e-01
-4.938193246676887693e-03 -2.799310862352476052e-03 7.732252301565392671e-03 9.999539941319798286e-01
-3.732827791769185565e-03 -2.106577931913801872e-03 5.798677284770305772e-03 9.999740014959592749e-01
-4.455135890911434728e-03 -2.505297054275888551e-03 6.922534419789919125e-03 9.999629761986541521e-01
-4.956814784686406489e-03 -2.790369603326684194e-03 7.707781964067587401e-03 9.999541159082558917e-01
-2.114759543672549598e-03 -1.189511720943478177e-03 3.233655146095706055e-03 9.999918281307774715e-01
5.963251815714471805e-03 3.353921574107887257e-03 -9.473071754964951241e-03 9.999317235438539564e-01
1.000487113172350562e-02 5.623701339952032717e-03 -1.582328843406532667e-02 9.998089317864733427e-01
1.823176609642138818e-02 1.025815323935257151e-02 -2.875013380033275556e-02 9.993677015010973275e-01
1.423636980827367240e-02 8.003964879717637843e-03 -2.244247742632627524e-02 9.996147245453396168e-01
1.230488899545857488e-02 6.921830180505330644e-03 -1.940599337381424330e-02 9.997120012258217114e-01
1.235043654777631325e-02 6.955974316898295984e-03 -1.950711532790230102e-02 9.997092345227016619e-01
1.094033431463340908e-02 6.182881022107672778e-03 -1.732365498002003124e-02 9.997709597930337644e-01
1.256246297770007708e-02 7.112084854954603928e-03 -1.990395380947116571e-02 9.996976719967394232e-01
4.761745362214692655e-03 2.719009571546175501e-03 -7.598652953419944567e-03 9.999560956568788184e-01
2.814802782868647442e-03 1.633664746182114744e-03 -4.525589763600977589e-03 9.999844634103484120e-01
6.826986204924438695e-03 3.881746282316494122e-03 -1.081807420810830533e-02 9.999106427954377319e-01
1.009990343582782384e-02 5.734294765986640459e-03 -1.598580954422651121e-02 9.998047627948867255e-01
1.002377209622616269e-02 5.685255240757567698e-03 -1.583520058969309016e-02 9.998082057515303989e-01
8.163563413601202315e-03 4.574857021429895934e-03 -1.283039146241449213e-02 9.998738960341684301e-01
1.556452875548728146e-02 8.731082769289445766e-03 -2.447140653529421284e-02 9.995412267137758766e-01
3.052277797716913127e-02 1.705817632626042274e-02 -4.802632787147842475e-02 9.982338656227607299e-01
3.662258599902243339e-02 2.050097028737479093e-02 -5.766180012744466510e-02 9.974535644420161606e-01
3.153646654448424153e-02 1.765159131873204543e-02 -4.968366627260027701e-02 9.981109186395658028e-01
2.734076313881335374e-02 1.530015319385454042e-02 -4.310359705515179329e-02 9.985792246507729786e-01
2.504707150718566214e-02 1.401603940924217064e-02 -3.950610262400532091e-02 9.988070197508897019e-01
2.328153175298100855e-02 1.302828243039016488e-02 -3.674220646133274232e-02 9.989685902972634812e-01
2.815466706133053915e-02 1.576501079534868219e-02 -4.442171819458539533e-02 9.984916074308932687e-01
3.666624607466963809e-02 2.054751209970349587e-02 -5.781684224517696924e-02 9.974420278382601923e-01
4.460567944139485347e-02 2.500586082395400700e-02 -7.029030918527898186e-02 9.962149932221772142e-01
4.930642336247278296e-02 2.765165883675326994e-02 -7.768845764627801964e-02 9.953736815524705239e-01
4.995263883168144653e-02 2.801981255977306629e-02 -7.871351754404586065e-02 9.952506247843857512e-01
5.089013762155482345e-02 2.855119446815666817e-02 -8.022216792044602196e-02 9.950675489440125032e-01
4.929079259429874210e-02 2.765477002447014679e-02 -7.772166073190933666e-02 9.953717772337096203e-01
5.475810287794161124e-02 3.075142932099660456e-02 -8.638169612128326902e-02 9.942806959501602204e-01
5.293800637981526530e-02 2.973651787458209128e-02 -8.354911227723717249e-02 9.946521265361629727e-01
4.461332527502762102e-02 2.505589620427576408e-02 -7.044702256665570650e-02 9.962023239707876732e-01
4.249232574417980551e-02 2.383186506929955636e-02 -6.705444810211361184e-02 9.965591530109441099e-01
4.507958224843054001e-02 2.526822516839783220e-02 -7.110185658132378572e-02 9.961294464334619070e-01
4.552130825362157851e-02 2.549930882449176830e-02 -7.176894720792482973e-02 9.960556279450550887e-01
4.581589505081025415e-02 2.566219199845039961e-02 -7.220336676374859708e-02 9.960065408874118065e-01
3.130172669360090781e-02 1.757549514323596129e-02 -4.931057144277718740e-02 9.981381524721194554e-01
2.519584048090740130e-02 1.412898647614919262e-02 -3.965813066804407816e-02 9.987956618025201072e-01
2.899063521615120181e-02 1.626223739318208641e-02 -4.566085526604895389e-02 9.984038105902365290e-01
2.780889381522836518e-02 1.561489575604670978e-02 -4.383372849423462086e-02 9.985296413735522680e-01
2.115983065964768817e-02 1.188264673627095237e-02 -3.338971737522289374e-02 9.991477323432199631e-01
1.940442048914540335e-02 1.089791066310120612e-02 -3.064738216117271485e-02 9.992824635583907877e-01
1.098310324982206335e-02 6.170953992590546069e-03 -1.738665732981320433e-02 9.997694708865243474e-01
8.461008775461493743e-04 4.771096761470531981e-04 -1.416648124110853274e-03 9.999985247927890564e-01
-7.787550887945663249e-04 -4.291566871639386342e-04 1.155857958610395858e-03 9.999989366781492084e-01
1.082779225452022362e-02 6.083255137176911409e-03 -1.709526736212022002e-02 9.997767274525081183e-01
1.347593022065116108e-02 7.557313168884343541e-03 -2.119874931108969851e-02 9.996558904693161329e-01
1.431125807787878360e-02 8.016183483988855579e-03 -2.245706415324219551e-02 9.996132296864606026e-01
1.684913242475886280e-02 9.439106338703161930e-03 -2.643776009160087037e-02 9.994638837143634547e-01
1.924783759885967394e-02 1.078928555937937184e-02 -3.021976556974012573e-02 9.992996937024429815e-01
-2.555621019142197917e-03 -1.450454789902683303e-03 4.110595104128172105e-03 9.999872339135129629e-01
-2.461448694183143888e-03 -1.382006404909407946e-03 3.927806604911626698e-03 9.999883017635242677e-01
-7.683030157022542085e-03 -4.308524380945239970e-03 1.207815041358759056e-02 9.998882567306468516e-01
-1.417049493113261595e-02 -7.937304019270301561e-03 2.226876062851362859e-02 9.996200771184933220e-01
-1.707440893999252404e-02 -9.563125171924168055e-03 2.684606208340972744e-02 9.994479977201965459e-01
-2.058934883216225961e-02 -1.155850345672243366e-02 3.242950400152721374e-02 9.991950795428905518e-01
-2.021695096727212093e-02 -1.136305766712007032e-02 3.187070430682620303e-02 9.992229050722504224e-01
-2.342034395812396877e-02 -1.317096307104916562e-02 3.692614218975479035e-02 9.989566923764244821e-01
-2.417239012031943690e-02 -1.361281706843647278e-02 3.816996698291965501e-02 9.988860998071077413e-01
-1.733450756124134753e-02 -9.793636456793125555e-03 2.745567638988419268e-02 9.994247272138784277e-01
5.148250427291957074e-03 2.849550878881553645e-03 -7.937204756649024473e-03 9.999511869876337444e-01
9.169592024023088053e-03 5.114696823269791054e-03 -1.426951427540221196e-02 9.998430573949409483e-01
1.986188354869641154e-02 1.114764105931948662e-02 -3.113991652318701120e-02 9.992554934948516543e-01
2.029725990393800583e-02 1.140982129942419779e-02 -3.186818176993011509e-02 9.992208245472999906e-01
2.282244932310828478e-02 1.282205810921493647e-02 -3.586519513400820980e-02 9.990137228340448816e-01
1.026895584807877015e-02 5.775962792435006439e-03 -1.612454377134781361e-02 9.998005730583358064e-01
5.708114068682839173e-03 3.221193806573544732e-03 -8.986572557324490340e-03 9.999381395155959584e-01
3.597262157257714171e-03 2.036736824847375227e-03 -5.681608773365404152e-03 9.999753150602394003e-01
5.510489267677425723e-04 3.195165872866660706e-04 -8.611602549767616299e-04 9.999994263284585072e-01
4.563533573148821632e-04 2.607568962712768224e-04 -6.738312968366244604e-04 9.999996348493521703e-01
2.418205531819009324e-02 1.359149115184581785e-02 -3.802692135206639512e-02 9.988916121488563560e-01
2.420014561563736677e-02 1.359914214767601534e-02 -3.804374378364965698e-02 9.988904293484612840e-01
2.455491871536787801e-02 1.380669879080514278e-02 -3.856205712755308990e-02 9.988590485075824477e-01
2.884498542971144705e-02 1.621952197132002851e-02 -4.532520959934439181e-02 9.984240177887134804e-01
3.258518310201834189e-02 1.833867707127927876e-02 -5.126791967824059770e-02 9.979847189097379445e-01
3.282608792010359433e-02 1.850138333803348634e-02 -5.171492537724237115e-02 9.979507569312562332e-01
3.267383431157444562e-02 1.843130883415293464e-02 -5.151416058264385311e-02 9.979674336698095560e-01
3.359984657661692353e-02 1.895482912212112861e-02 -5.298610853144247734e-02 9.978498068675833998e-01
3.152632369819369923e-02 1.779937258626389934e-02 -4.973152870060504327e-02 9.981062309707886548e-01
2.518215343694098912e-02 1.423239860870877289e-02 -3.974301755044071238e-02 9.987911646255720477e-01
9.948921215351552022e-03 5.653363816939951242e-03 -1.573494953207621450e-02 9.998107169896846003e-01
5.571098987211418538e-03 3.180308142057088061e-03 -8.791656001504832840e-03 9.999407758867260299e-01
-3.074474197280718454e-03 -1.712070169663206659e-03 4.891229126505636238e-03 9.999818459861041786e-01
-6.991260616629117568e-03 -3.940170216519920700e-03 1.111180217517698972e-02 9.999060581805048198e-01
-1.144823683324858350e-02 -6.450507795608293946e-03 1.813162066328130248e-02 9.997492551408635464e-01
-1.287152294027212561e-02 -7.260407530445833930e-03 2.037606678976000910e-02 9.996831629480759096e-01
-1.166507405184879706e-02 -6.589279824714022737e-03 1.846087981827754243e-02 9.997398178301651894e-01
-8.471285139423752331e-03 -4.792454343444958915e-03 1.340307042149174906e-02 9.998628042950338246e-01
-4.195412275880650715e-03 -2.375645450467017000e-03 6.608920812624207407e-03 9.999665379352559169e-01
-6.171650005929781718e-04 -3.451299411970087938e-04 9.073903068259059346e-04 9.999993383175396211e-01
7.304658192803636235e-04 4.127588673671668540e-04 -1.241900519468958075e-03 9.999988768658213401e-01
2.152700989291879766e-03 1.214597240675491241e-03 -3.491273996214017128e-03 9.999908507770844945e-01
2.670561037466757243e-03 1.506990765025115891e-03 -4.308453515324911498e-03 9.999860170576815310e-01
2.663319297274445441e-03 1.503633530154910303e-03 -4.297355941043412564e-03 9.999860891774664529e-01
-1.332070380089761183e-03 -7.458401729260287494e-04 2.014407279092161884e-03 9.999968057320247627e-01
-1.877454292554012888e-03 -1.059428865490170263e-03 2.893799211901332269e-03 9.999934893297953709e-01
-2.532743698275821340e-03 -1.429950740336635023e-03 3.934863765355650633e-03 9.999880285770361699e-01
-7.979288778492946068e-04 -4.547471984663978587e-04 1.205185503158734189e-03 9.999988520205382869e-01
1.857479844937868357e-03 1.037722293995558404e-03 -2.976270433985878094e-03 9.999933073352892388e-01
3.683479036504281288e-03 2.064502448507185128e-03 -5.851003825282224090e-03 9.999739674441852078e-01
3.180073927678088701e-03 1.782935735727346266e-03 -5.060433631261657128e-03 9.999805499515680429e-01
4.552381299572766209e-03 2.559283431079507464e-03 -7.252810467460178365e-03 9.999600605189918889e-01
6.864739631432310862e-03 3.866871886868843144e-03 -1.093465819718017484e-02 9.999091738261601803e-01
1.323852952135144527e-02 7.457746730587983680e-03 -2.100222335979037847e-02 9.996639585199420530e-01
1.360055450736642399e-02 7.677592441708402937e-03 -2.159048303088881293e-02 9.996449022197253509e-01
1.361928174333697401e-02 7.694091656421365305e-03 -2.161522967422410679e-02 9.996439856091312581e-01
1.470492425362945714e-02 8.308679984677238423e-03 -2.331055102370493959e-02 9.995855887569501386e-01
1.302964851817798447e-02 7.365624544952260704e-03 -2.064411100382912423e-02 9.996748453949499957e-01
1.171982934540834881e-01 6.592725874245276840e-02 -1.852831200295593228e-01 9.734414836025164774e-01
