1.839845645008608699e-04 1.035860113915987313e-04 -2.891120966523885727e-04 9.999999403953552246e-01
3.313231864012777805e-04 1.865421654656529427e-04 -5.211252719163894653e-04 9.999998211860656738e-01
2.938175748568028212e-04 1.656519743846729398e-04 -4.617651575244963169e-04 9.999998211860656738e-01
7.659976108698174357e-05 4.371102477307431400e-05 -1.198398240376263857e-04 1.000000000000000000e+00
-1.471894647693261504e-04 -8.216132846428081393e-05 2.329097333131358027e-04 9.999999403953552246e-01
-5.182363674975931644e-04 -2.910234907176345587e-04 8.178786374628543854e-04 9.999994635581970215e-01
-7.266927859745919704e-04 -4.085895197931677103e-04 1.146680326201021671e-03 9.999989867210388184e-01
-8.927511516958475113e-04 -5.024815909564495087e-04 1.408882089890539646e-03 9.999985098838806152e-01
-1.012813998386263847e-03 -5.704181967303156853e-04 1.598174450919032097e-03 9.999980330467224121e-01
-1.162506756372749805e-03 -6.550642428919672966e-04 1.832884503528475761e-03 9.999974370002746582e-01
-1.152615295723080635e-03 -6.498066359199583530e-04 1.817552722059190273e-03 9.999974966049194336e-01
-1.120358821935951710e-03 -6.314271013252437115e-04 1.767068170011043549e-03 9.999976158142089844e-01
-1.447734073735773563e-03 -8.155566174536943436e-04 2.284107496961951256e-03 9.999960064888000488e-01
-1.740214996971189976e-03 -9.802598506212234497e-04 2.747098682448267937e-03 9.999942183494567871e-01
-1.985268434509634972e-03 -1.118451356887817383e-03 3.134113037958741188e-03 9.999924898147583008e-01
-2.609584014862775803e-03 -1.469129347242414951e-03 4.121242556720972061e-03 9.999870061874389648e-01
-3.226689063012599945e-03 -1.818498480133712292e-03 5.098729860037565231e-03 9.999801516532897949e-01
-3.535744734108448029e-03 -1.992545090615749359e-03 5.583817604929208755e-03 9.999761581420898438e-01
-3.600758733227849007e-03 -2.029392868280410767e-03 5.687220953404903412e-03 9.999752640724182129e-01
-3.415316576138138771e-03 -1.925081945955753326e-03 5.395374726504087448e-03 9.999777674674987793e-01
-3.350980579853057861e-03 -1.888783881440758705e-03 5.293261259794235229e-03 9.999786019325256348e-01
-3.364137839525938034e-03 -1.896134461276233196e-03 5.312894936650991440e-03 9.999784231185913086e-01
-3.124149283394217491e-03 -1.761700026690959930e-03 4.935684148222208023e-03 9.999814033508300781e-01
-2.146392129361629486e-03 -1.211388385854661465e-03 3.397480817511677742e-03 9.999911785125732422e-01
-1.730980002321302891e-03 -9.778165258467197418e-04 2.744089579209685326e-03 9.999942779541015625e-01
-1.353089814074337482e-03 -7.650599000044167042e-04 2.149422187358140945e-03 9.999964833259582520e-01
-1.192689756862819195e-03 -6.745051941834390163e-04 1.897433539852499962e-03 9.999972581863403320e-01
3.831341746263206005e-04 2.141786244465038180e-04 -5.869922460988163948e-04 9.999997019767761230e-01
1.426770468242466450e-03 8.033105987124145031e-04 -2.232918282970786095e-03 9.999961853027343750e-01
2.206382341682910919e-03 1.242769765667617321e-03 -3.459997475147247314e-03 9.999908208847045898e-01
3.345395205542445183e-03 1.885498408228158951e-03 -5.256903823465108871e-03 9.999787807464599609e-01
3.767333459109067917e-03 2.126065548509359360e-03 -5.926148034632205963e-03 9.999730587005615234e-01
5.037476308643817902e-03 2.844849135726690292e-03 -7.933924905955791473e-03 9.999517798423767090e-01
5.535108037292957306e-03 3.129225224256515503e-03 -8.726689033210277557e-03 9.999417066574096680e-01
7.124704308807849884e-03 4.027058836072683334e-03 -1.123660802841186523e-02 9.999033808708190918e-01
9.034509770572185516e-03 5.104648414999246597e-03 -1.425566338002681732e-02 9.998445510864257812e-01
1.201503351330757141e-02 6.789112929254770279e-03 -1.896517537534236908e-02 9.997249245643615723e-01
1.340311300009489059e-02 7.574237417429685593e-03 -2.116055786609649658e-02 9.996575713157653809e-01
1.387778203934431076e-02 7.842579856514930725e-03 -2.190691232681274414e-02 9.996329545974731445e-01
1.570156589150428772e-02 8.867761120200157166e-03 -2.478094212710857391e-02 9.995302557945251465e-01
1.637209765613079071e-02 9.244271554052829742e-03 -2.583645470440387726e-02 9.994893670082092285e-01
1.553083397448062897e-02 8.772266097366809845e-03 -2.450750768184661865e-02 9.995405077934265137e-01
1.542519219219684601e-02 8.715221658349037170e-03 -2.433912083506584167e-02 9.995467662811279297e-01
9.746825322508811951e-03 5.523960106074810028e-03 -1.539394631981849670e-02 9.998187422752380371e-01
6.255272775888442993e-03 3.558172844350337982e-03 -9.897558018565177917e-03 9.999251365661621094e-01
4.964105784893035889e-03 2.831751946359872818e-03 -7.866414263844490051e-03 9.999527335166931152e-01
3.221780760213732719e-03 1.850125845521688461e-03 -5.126827396452426910e-03 9.999799728393554688e-01
8.338594343513250351e-04 5.043522687628865242e-04 -1.373216044157743454e-03 9.999985694885253906e-01
-1.833758142311125994e-05 2.160907206416595727e-05 -3.507221845211461186e-05 1.000000000000000000e+00
-8.581216388847678900e-05 -1.820217221393249929e-05 7.146113784983754158e-05 1.000000000000000000e+00
1.889462932012975216e-03 1.088028773665428162e-03 -3.037513466551899910e-03 9.999930262565612793e-01
5.230666603893041611e-03 2.961750375106930733e-03 -8.294459432363510132e-03 9.999475479125976562e-01
6.706974003463983536e-03 3.786676097661256790e-03 -1.060261484235525131e-02 9.999141097068786621e-01
7.059074472635984421e-03 3.992393147200345993e-03 -1.117821410298347473e-02 9.999046325683593750e-01
5.294855218380689621e-03 2.994988346472382545e-03 -8.390583097934722900e-03 9.999462962150573730e-01
2.891683019697666168e-03 1.637754845432937145e-03 -4.595787730067968369e-03 9.999839067459106445e-01
-1.256685820408165455e-03 -7.035849848762154579e-04 1.954633044078946114e-03 9.999970793724060059e-01
-4.899608902633190155e-03 -2.758678980171680450e-03 7.691854611039161682e-03 9.999545812606811523e-01
-6.478554569184780121e-03 -3.650376573204994202e-03 1.017247792333364487e-02 9.999206066131591797e-01
-1.029252354055643082e-02 -5.799515172839164734e-03 1.618418842554092407e-02 9.997992515563964844e-01
-1.068070903420448303e-02 -6.021986249834299088e-03 1.680024154484272003e-02 9.997836947441101074e-01
-6.352954544126987457e-03 -3.591793123632669449e-03 9.975367225706577301e-03 9.999235868453979492e-01
-1.507370616309344769e-03 -8.712293347343802452e-04 2.334251301363110542e-03 9.999957680702209473e-01
5.410564597696065903e-03 3.014419926330447197e-03 -8.568523451685905457e-03 9.999440908432006836e-01
9.568091481924057007e-03 5.353704094886779785e-03 -1.511468272656202316e-02 9.998256564140319824e-01
1.119039300829172134e-02 6.265615113079547882e-03 -1.766874454915523529e-02 9.997616410255432129e-01
1.288244966417551041e-02 7.218209560960531235e-03 -2.032917924225330353e-02 9.996842741966247559e-01
1.228662766516208649e-02 6.881851702928543091e-03 -1.938222721219062805e-02 9.997129440307617188e-01
9.631788358092308044e-03 5.386625416576862335e-03 -1.519814506173133850e-02 9.998235702514648438e-01
7.853196933865547180e-03 4.384483676403760910e-03 -1.240347418934106827e-02 9.998826384544372559e-01
4.134187474846839905e-03 2.294803969562053680e-03 -6.547696422785520554e-03 9.999673962593078613e-01
1.971884776139631867e-04 8.232262916862964630e-05 -3.487002395559102297e-04 9.999999403953552246e-01
-2.924862783402204514e-03 -1.673226361162960529e-03 4.556792788207530975e-03 9.999839663505554199e-01
-6.402065511792898178e-03 -3.647795645520091057e-03 1.006138417869806290e-02 9.999222159385681152e-01
-7.561528589576482773e-03 -4.301339387893676758e-03 1.188312191516160965e-02 9.998915791511535645e-01
-7.270518690347671509e-03 -4.137985873967409134e-03 1.142372004687786102e-02 9.998997449874877930e-01
-5.596032831817865372e-03 -3.195310244336724281e-03 8.780362084507942200e-03 9.999406933784484863e-01
-2.592887962237000465e-03 -1.505792839452624321e-03 4.063687752932310104e-03 9.999872446060180664e-01
7.758945575915277004e-04 3.954521962441504002e-04 -1.239917939528822899e-03 9.999988675117492676e-01
4.774591419845819473e-03 2.653677249327301979e-03 -7.545688655227422714e-03 9.999566078186035156e-01
6.519587710499763489e-03 3.641403047367930412e-03 -1.029893197119235992e-02 9.999190568923950195e-01
3.270403482019901276e-03 1.816288917325437069e-03 -5.174028221517801285e-03 9.999796152114868164e-01
-1.651915488764643669e-03 -9.493062971159815788e-04 2.584847388789057732e-03 9.999948740005493164e-01
-4.587078467011451721e-03 -2.598849823698401451e-03 7.211351767182350159e-03 9.999601244926452637e-01
-7.729458156973123550e-03 -4.367128945887088776e-03 1.215985976159572601e-02 9.998866319656372070e-01
-9.927730076014995575e-03 -5.604076199233531952e-03 1.561167463660240173e-02 9.998131394386291504e-01
-1.190314348787069321e-02 -6.716229487210512161e-03 1.871884800493717194e-02 9.997313618659973145e-01
-1.292865443974733353e-02 -7.293849252164363861e-03 2.033432573080062866e-02 9.996830224990844727e-01
-1.372096315026283264e-02 -7.745949551463127136e-03 2.158122695982456207e-02 9.996429085731506348e-01
-1.640733145177364349e-02 -9.266700595617294312e-03 2.582048811018466949e-02 9.994890093803405762e-01
-1.742950081825256348e-02 -9.847049601376056671e-03 2.743952721357345581e-02 9.994229674339294434e-01
-1.814067922532558441e-02 -1.026285439729690552e-02 2.857082337141036987e-02 9.993744492530822754e-01
-1.761821471154689789e-02 -9.972206316888332367e-03 2.775966562330722809e-02 9.994096159934997559e-01
-1.555392984300851822e-02 -8.809534832835197449e-03 2.452063374221324921e-02 9.995394945144653320e-01
-1.287245191633701324e-02 -7.298999000340700150e-03 2.030197344720363617e-02 9.996843934059143066e-01
-1.037622243165969849e-02 -5.892217159271240234e-03 1.636965945363044739e-02 9.997947812080383301e-01
-8.490577340126037598e-03 -4.828682634979486465e-03 1.339767221361398697e-02 9.998625516891479492e-01
-6.872158497571945190e-03 -3.915233537554740906e-03 1.084359921514987946e-02 9.999099373817443848e-01
-6.437742616981267929e-03 -3.670238191261887550e-03 1.015341561287641525e-02 9.999209642410278320e-01
-6.664110347628593445e-03 -3.795258933678269386e-03 1.050462946295738220e-02 9.999154210090637207e-01
-8.214564993977546692e-03 -4.667206201702356339e-03 1.293848082423210144e-02 9.998716711997985840e-01
-5.106388125568628311e-03 -2.914573298767209053e-03 8.030110970139503479e-03 9.999504685401916504e-01
-2.307958900928497314e-03 -1.333015039563179016e-03 3.615691792219877243e-03 9.999899268150329590e-01
-2.310916548594832420e-03 -1.335742301307618618e-03 3.623328870162367821e-03 9.999898672103881836e-01
-4.450867418199777603e-03 -2.545964205637574196e-03 6.994929164648056030e-03 9.999623894691467285e-01
-9.825182496570050716e-05 -1.070668004103936255e-04 1.724595203995704651e-04 1.000000000000000000e+00
3.168102120980620384e-03 1.719840918667614460e-03 -4.941004794090986252e-03 9.999812841415405273e-01
4.594537895172834396e-03 2.512410748749971390e-03 -7.154090330004692078e-03 9.999607205390930176e-01
1.106715295463800430e-02 6.159080658107995987e-03 -1.733677648007869720e-02 9.997695088386535645e-01
2.055814862251281738e-02 1.151463389396667480e-02 -3.229613974690437317e-02 9.992005228996276855e-01
2.685782872140407562e-02 1.506931427866220474e-02 -4.223578423261642456e-02 9.986329078674316406e-01
3.178319334983825684e-02 1.787870191037654877e-02 -5.006494373083114624e-02 9.980800151824951172e-01
3.629102185368537903e-02 2.044863253831863403e-02 -5.722938105463981628e-02 9.974916577339172363e-01
3.660656511783599854e-02 2.063306793570518494e-02 -5.774950236082077026e-02 9.974463582038879395e-01
3.873387724161148071e-02 2.183442376554012299e-02 -6.111051142215728760e-02 9.971401095390319824e-01
3.947752714157104492e-02 2.227633632719516754e-02 -6.231101229786872864e-02 9.970269203186035156e-01
3.791581839323043823e-02 2.139039151370525360e-02 -5.984043329954147339e-02 9.972582459449768066e-01
3.514169901609420776e-02 1.982178539037704468e-02 -5.544106662273406982e-02 9.976464509963989258e-01
3.397735580801963806e-02 1.915844529867172241e-02 -5.357369035482406616e-02 9.978017807006835938e-01
3.040438517928123474e-02 1.713955961167812347e-02 -4.793106392025947571e-02 9.982406497001647949e-01
3.012689948081970215e-02 1.698236353695392609e-02 -4.748741537332534790e-02 9.982729554176330566e-01
2.479301951825618744e-02 1.397909317165613174e-02 -3.907973319292068481e-02 9.988306760787963867e-01
1.802675426006317139e-02 1.017614640295505524e-02 -2.844775468111038208e-02 9.993808865547180176e-01
1.793773844838142395e-02 1.013612281531095505e-02 -2.834027260541915894e-02 9.993859529495239258e-01
1.954244077205657959e-02 1.104589924216270447e-02 -3.087269328534603119e-02 9.992712140083312988e-01
1.773106120526790619e-02 1.004072651267051697e-02 -2.804277837276458740e-02 9.993990063667297363e-01
1.885445974767208099e-02 1.068248413503170013e-02 -2.984346076846122742e-02 9.993196725845336914e-01
2.530728653073310852e-02 1.431138068437576294e-02 -4.002720490097999573e-02 9.987755417823791504e-01
2.789244987070560455e-02 1.577082462608814240e-02 -4.408885911107063293e-02 9.985136389732360840e-01
2.164882980287075043e-02 1.224426459521055222e-02 -3.421815857291221619e-02 9.991048574447631836e-01
1.781954616308212280e-02 1.008467376232147217e-02 -2.818050794303417206e-02 9.993931055068969727e-01
2.077493630349636078e-02 1.172786671668291092e-02 -3.278443589806556702e-02 9.991776943206787109e-01
1.808011345565319061e-02 1.016079448163509369e-02 -2.849627472460269928e-02 9.993787407875061035e-01
2.324904128909111023e-02 1.312789041548967361e-02 -3.656651824712753296e-02 9.989745020866394043e-01
6.957912817597389221e-03 3.931692801415920258e-03 -1.099630910903215408e-02 9.999076128005981445e-01
5.033013410866260529e-03 2.830526093021035194e-03 -7.959665730595588684e-03 9.999516606330871582e-01
5.813163705170154572e-03 3.277306910604238510e-03 -9.209896437823772430e-03 9.999353289604187012e-01
8.443699218332767487e-03 4.762286320328712463e-03 -1.338727306574583054e-02 9.998633861541748047e-01
9.163826704025268555e-03 5.154136102646589279e-03 -1.450530625879764557e-02 9.998395442962646484e-01
1.548106316477060318e-02 8.709108456969261169e-03 -2.445053495466709137e-02 9.995432496070861816e-01
1.762147247791290283e-02 9.909710846841335297e-03 -2.780913002789020538e-02 9.994087815284729004e-01
2.220974117517471313e-02 1.249834802001714706e-02 -3.502653911709785461e-02 9.990614056587219238e-01
2.485121972858905792e-02 1.397238112986087799e-02 -3.915598988533020020e-02 9.988263249397277832e-01
1.973604038357734680e-02 1.108057983219623566e-02 -3.107956238090991974e-02 9.992606043815612793e-01
1.574692130088806152e-02 8.841183036565780640e-03 -2.480494789779186249e-02 9.995291829109191895e-01
1.335781905800104141e-02 7.496222853660583496e-03 -2.104613743722438812e-02 9.996611475944519043e-01
7.378613110631704330e-03 4.133469425141811371e-03 -1.163828838616609573e-02 9.998965263366699219e-01
5.055496934801340103e-03 2.821267582476139069e-03 -7.954640313982963562e-03 9.999516010284423828e-01
1.505816588178277016e-03 8.096663514152169228e-04 -2.345014363527297974e-03 9.999957680702209473e-01
-4.865330120082944632e-04 -3.127064846921712160e-04 7.852761773392558098e-04 9.999995231628417969e-01
-5.344478413462638855e-03 -3.052789717912673950e-03 8.456174284219741821e-03 9.999452829360961914e-01
-2.013727836310863495e-02 -1.142367161810398102e-02 3.178485855460166931e-02 9.992265701293945312e-01
-2.098560146987438202e-02 -1.188219897449016571e-02 3.312438353896141052e-02 9.991602301597595215e-01
-2.281661145389080048e-02 -1.297147013247013092e-02 3.592580929398536682e-02 9.990097284317016602e-01
-6.273094564676284790e-03 -3.628454869613051414e-03 9.957688860595226288e-03 9.999241828918457031e-01
-1.937057706527411938e-03 -1.158228958956897259e-03 3.291935427114367485e-03 9.999920129776000977e-01
-8.783641271293163300e-03 -4.998838994652032852e-03 1.404715795069932938e-02 9.998502731323242188e-01
-1.167794782668352127e-02 -6.611583288758993149e-03 1.858066953718662262e-02 9.997373223304748535e-01
-9.401160292327404022e-03 -5.307767074555158615e-03 1.493955962359905243e-02 9.998301267623901367e-01
-9.386385791003704071e-03 -5.302819423377513885e-03 1.489498466253280640e-02 9.998309612274169922e-01
-8.367372676730155945e-03 -4.734951071441173553e-03 1.328397262841463089e-02 9.998655319213867188e-01
-6.677452940493822098e-03 -3.798035439103841782e-03 1.062761060893535614e-02 9.999139904975891113e-01
-2.500025555491447449e-03 -1.445881091058254242e-03 4.054715391248464584e-03 9.999876022338867188e-01
3.179001621901988983e-03 1.753558288328349590e-03 -4.878467414528131485e-03 9.999815225601196289e-01
5.526709370315074921e-03 3.071142593398690224e-03 -8.560323156416416168e-03 9.999433755874633789e-01
1.146235852502286434e-03 6.079924060031771660e-04 -1.654981751926243305e-03 9.999977946281433105e-01
-5.581007339060306549e-03 -3.167099086567759514e-03 8.935341611504554749e-03 9.999395012855529785e-01
-1.365241501480340958e-02 -7.679407019168138504e-03 2.159246988594532013e-02 9.996441602706909180e-01
-1.853048987686634064e-02 -1.041059102863073349e-02 2.924351952970027924e-02 9.993463158607482910e-01
-2.162660099565982819e-02 -1.213082764297723770e-02 3.410491719841957092e-02 9.991105794906616211e-01
-4.082587081938982010e-03 -2.290509175509214401e-03 6.490620318800210953e-03 9.999679923057556152e-01
2.459999732673168182e-02 1.389894261956214905e-02 -3.871977701783180237e-02 9.988505840301513672e-01
2.755682356655597687e-02 1.556390523910522461e-02 -4.336242377758026123e-02 9.985579848289489746e-01
2.605016902089118958e-02 1.471160538494586945e-02 -4.096615314483642578e-02 9.987125396728515625e-01
2.390626817941665649e-02 1.349665410816669464e-02 -3.758121281862258911e-02 9.989163875579833984e-01
1.848990283906459808e-02 1.041670702397823334e-02 -2.919947542250156403e-02 9.993482828140258789e-01
2.144564315676689148e-02 1.207357738167047501e-02 -3.383239358663558960e-02 9.991244673728942871e-01
1.375282090157270432e-02 7.739628665149211884e-03 -2.170729264616966248e-02 9.996398091316223145e-01
6.008110474795103073e-03 3.383103525266051292e-03 -9.509788826107978821e-03 9.999310374259948730e-01
3.562886966392397881e-03 2.012717304751276970e-03 -5.653996951878070831e-03 9.999756217002868652e-01
2.876993967220187187e-03 1.640196423977613449e-03 -4.592636134475469589e-03 9.999839663505554199e-01
1.076405518688261509e-03 6.439169519580900669e-04 -1.779624377377331257e-03 9.999976158142089844e-01
1.398335117846727371e-02 7.917127572000026703e-03 -2.212419360876083374e-02 9.996261000633239746e-01
1.866503804922103882e-02 1.055025309324264526e-02 -2.947980538010597229e-02 9.993354082107543945e-01
2.533485181629657745e-02 1.430404931306838989e-02 -3.997957333922386169e-02 9.987768530845642090e-01
3.006371669471263885e-02 1.696238480508327484e-02 -4.743006080389022827e-02 9.982779622077941895e-01
3.165693953633308411e-02 1.785158552229404449e-02 -4.991930723190307617e-02 9.980918169021606445e-01
3.299457952380180359e-02 1.859669014811515808e-02 -5.201664194464683533e-02 9.979277253150939941e-01
2.846507914364337921e-02 1.605236716568470001e-02 -4.489533975720405579e-02 9.984570145606994629e-01
2.973302640020847321e-02 1.675153337419033051e-02 -4.691086709499359131e-02 9.983159303665161133e-01
1.054023578763008118e-02 5.978715140372514725e-03 -1.671045832335948944e-02 9.997869133949279785e-01
-1.649228483438491821e-02 -9.252534247934818268e-03 2.591687999665737152e-02 9.994851946830749512e-01
-1.690433733165264130e-02 -9.493507444858551025e-03 2.658691070973873138e-02 9.994584918022155762e-01
-1.559284050017595291e-02 -8.753521367907524109e-03 2.454211376607418060e-02 9.995388388633728027e-01
-1.618712767958641052e-02 -9.106428362429141998e-03 2.547647431492805481e-02 9.995028972625732422e-01
-1.491547096520662308e-02 -8.392619900405406952e-03 2.347853407263755798e-02 9.995778203010559082e-01
-1.355622615665197372e-02 -7.633298635482788086e-03 2.135856077075004578e-02 9.996508359909057617e-01
-1.149817090481519699e-02 -6.506369914859533310e-03 1.814130507409572601e-02 9.997481703758239746e-01
-6.963028572499752045e-03 -3.949056845158338547e-03 1.098212692886590958e-02 9.999076724052429199e-01
-1.556212827563285828e-02 -8.766712620854377747e-03 2.449855767190456390e-02 9.995402693748474121e-01
-1.988040097057819366e-02 -1.119629293680191040e-02 3.129231929779052734e-02 9.992498159408569336e-01
-2.176507003605365753e-02 -1.226570736616849899e-02 3.425731882452964783e-02 9.991007447242736816e-01
-3.663773089647293091e-02 -2.064805850386619568e-02 5.770069733262062073e-02 9.974477291107177734e-01
-3.818286955356597900e-02 -2.151913940906524658e-02 6.011878326535224915e-02 9.972285032272338867e-01
-3.365524113178253174e-02 -1.896745525300502777e-02 5.297084897756576538e-02 9.978485107421875000e-01
-2.593931555747985840e-02 -1.462181285023689270e-02 4.081611335277557373e-02 9.987229108810424805e-01
-1.046555768698453903e-02 -5.913726519793272018e-03 1.644473522901535034e-02 9.997925162315368652e-01
-7.477937266230583191e-03 -4.237279295921325684e-03 1.175289135426282883e-02 9.998939633369445801e-01
-3.731148317456245422e-03 -2.133085159584879875e-03 5.863914731889963150e-03 9.999735951423645020e-01
-5.552300252020359039e-03 -3.151494311168789864e-03 8.745451457798480988e-03 9.999413490295410156e-01
-2.493928186595439911e-03 -1.416356419213116169e-03 3.919449634850025177e-03 9.999881982803344727e-01
-3.682359820231795311e-03 -2.079900121316313744e-03 5.729564931243658066e-03 9.999746680259704590e-01
-1.493151392787694931e-02 -8.414148353040218353e-03 2.343909814953804016e-02 9.995783567428588867e-01
-1.760877668857574463e-02 -9.934758767485618591e-03 2.766147255897521973e-02 9.994128942489624023e-01
-1.809352077543735504e-02 -1.019797939807176590e-02 2.845458313822746277e-02 9.993792772293090820e-01
-1.177348382771015167e-02 -6.649123039096593857e-03 1.852537319064140320e-02 9.997369647026062012e-01
-6.300560198724269867e-03 -3.573016263544559479e-03 9.907355532050132751e-03 9.999246597290039062e-01
2.775620901957154274e-03 1.561708399094641209e-03 -4.377651959657669067e-03 9.999853372573852539e-01
-5.865259096026420593e-03 -3.312580054625868797e-03 9.259708225727081299e-03 9.999344348907470703e-01
-3.815595759078860283e-03 -2.184900688007473946e-03 6.055010948330163956e-03 9.999719858169555664e-01
7.298815064132213593e-03 3.994503058493137360e-03 -1.153089292347431183e-02 9.998989105224609375e-01
3.780520521104335785e-03 2.019940875470638275e-03 -6.006568204611539841e-03 9.999727606773376465e-01
3.242491744458675385e-03 1.723141293041408062e-03 -5.184996407479047775e-03 9.999797940254211426e-01
3.856633091345429420e-03 2.073961077257990837e-03 -6.159119773656129837e-03 9.999714493751525879e-01
1.126008573919534683e-03 5.331536522135138512e-04 -1.846962724812328815e-03 9.999974966049194336e-01
5.984323099255561829e-03 3.278134623542428017e-03 -9.498987346887588501e-03 9.999315738677978516e-01
1.071642525494098663e-02 5.955189932137727737e-03 -1.697710342705249786e-02 9.997807145118713379e-01
1.729258708655834198e-02 9.673231281340122223e-03 -2.735699526965618134e-02 9.994293451309204102e-01
1.875190250575542450e-02 1.049273274838924408e-02 -2.965581230819225311e-02 9.993291497230529785e-01
1.107863988727331161e-02 6.149738095700740814e-03 -1.755859144032001495e-02 9.997655153274536133e-01
8.871759288012981415e-03 4.904296714812517166e-03 -1.409372221678495407e-02 9.998493194580078125e-01
1.172844041138887405e-02 6.516886875033378601e-03 -1.856502518057823181e-02 9.997376203536987305e-01
1.662357337772846222e-02 9.277675300836563110e-03 -2.630001306533813477e-02 9.994727969169616699e-01
1.516378950327634811e-02 8.458190597593784332e-03 -2.400260604918003082e-02 9.995610713958740234e-01
1.657718233764171600e-02 9.256158024072647095e-03 -2.623291127383708954e-02 9.994755387306213379e-01
9.646360762417316437e-03 5.361787509173154831e-03 -1.531363278627395630e-02 9.998218417167663574e-01
3.553446149453520775e-03 1.920824637636542320e-03 -5.679550115019083023e-03 9.999757409095764160e-01
4.637835081666707993e-03 2.525466261431574821e-03 -7.393027655780315399e-03 9.999587535858154297e-01
2.050495333969593048e-02 1.145959366112947464e-02 -3.238908946514129639e-02 9.991992712020874023e-01
2.341394685208797455e-02 1.310074888169765472e-02 -3.696130588650703430e-02 9.989564418792724609e-01
1.306453719735145569e-02 7.347129750996828079e-03 -2.057742327451705933e-02 9.996759295463562012e-01
1.289020664989948273e-02 7.252085022628307343e-03 -2.030685916543006897e-02 9.996843934059143066e-01
8.397532626986503601e-03 4.729679320007562637e-03 -1.324187777936458588e-02 9.998658895492553711e-01
4.277049563825130463e-03 2.413236768916249275e-03 -6.774354726076126099e-03 9.999650120735168457e-01
3.138605970889329910e-03 1.774822128936648369e-03 -4.989652428776025772e-03 9.999810457229614258e-01
-6.344437133520841599e-03 -3.573719877749681473e-03 9.945916011929512024e-03 9.999240040779113770e-01
-1.235859747976064682e-02 -6.967577617615461349e-03 1.943945325911045074e-02 9.997103810310363770e-01
-1.407509949058294296e-02 -7.954500615596771240e-03 2.218380011618137360e-02 9.996231794357299805e-01
-5.776861682534217834e-03 -3.281507873907685280e-03 9.124534204602241516e-03 9.999362826347351074e-01
7.175024133175611496e-03 3.989021759480237961e-03 -1.127985026687383652e-02 9.999026656150817871e-01
8.738996461033821106e-03 4.862218163907527924e-03 -1.374662946909666061e-02 9.998555183410644531e-01
1.066815946251153946e-02 5.949077196419239044e-03 -1.679362915456295013e-02 9.997843503952026367e-01
9.846732951700687408e-03 5.491925403475761414e-03 -1.552459597587585449e-02 9.998159408569335938e-01
9.671795181930065155e-03 5.404359195381402969e-03 -1.527929771691560745e-02 9.998219013214111328e-01
1.010477915406227112e-02 5.661466624587774277e-03 -1.598757877945899963e-02 9.998050928115844727e-01
1.718071848154067993e-02 9.641352109611034393e-03 -2.713659964501857758e-02 9.994375705718994141e-01
3.010571561753749847e-02 1.693169772624969482e-02 -4.753518477082252502e-02 9.982721805572509766e-01
2.653283253312110901e-02 1.492048520594835281e-02 -4.189317673444747925e-02 9.986582994461059570e-01
1.787350513041019440e-02 1.004159357398748398e-02 -2.824814803898334503e-02 9.993906617164611816e-01
2.314543910324573517e-02 1.300728227943181992e-02 -3.655081987380981445e-02 9.989790320396423340e-01
2.604410238564014435e-02 1.463692542165517807e-02 -4.109949618577957153e-02 9.987083077430725098e-01
2.981879562139511108e-02 1.674525626003742218e-02 -4.702741280198097229e-02 9.983080029487609863e-01
3.476108983159065247e-02 1.952807046473026276e-02 -5.481920763850212097e-02 9.976999163627624512e-01
3.401404246687889099e-02 1.911072432994842529e-02 -5.364359915256500244e-02 9.977976679801940918e-01
3.477448970079421997e-02 1.953890919685363770e-02 -5.485998094081878662e-02 9.976969957351684570e-01
3.888266533613204956e-02 2.186159417033195496e-02 -6.135253608226776123e-02 9.971188902854919434e-01
4.334062337875366211e-02 2.437430806457996368e-02 -6.838305294513702393e-02 9.964191913604736328e-01
4.103852063417434692e-02 2.308532409369945526e-02 -6.477306038141250610e-02 9.967885017395019531e-01
3.669938445091247559e-02 2.063886635005474091e-02 -5.792853608727455139e-02 9.974324703216552734e-01
3.514714911580085754e-02 1.979736238718032837e-02 -5.546886101365089417e-02 9.976451992988586426e-01
3.058507852256298065e-02 1.723275147378444672e-02 -4.824927449226379395e-02 9.982182383537292480e-01
2.163721434772014618e-02 1.218833681195974350e-02 -3.413351997733116150e-02 9.991086721420288086e-01
2.350993826985359192e-02 1.324088685214519501e-02 -3.708959743380546570e-02 9.989476203918457031e-01
2.505040541291236877e-02 1.415132731199264526e-02 -3.954693675041198730e-02 9.988034367561340332e-01
2.094739302992820740e-02 1.183649804443120956e-02 -3.308659046888351440e-02 9.991628527641296387e-01
1.426484994590282440e-02 8.103650063276290894e-03 -2.258477918803691864e-02 9.996103048324584961e-01
6.836553569883108139e-03 3.910540137439966202e-03 -1.082590501755475998e-02 9.999103546142578125e-01
3.348980331793427467e-03 1.931333215907216072e-03 -5.313507281243801117e-03 9.999784231185913086e-01
-7.219825056381523609e-05 -4.914624241791898385e-06 1.046962570399045944e-04 1.000000000000000000e+00
-3.110112389549612999e-03 -1.723305438645184040e-03 4.893926903605461121e-03 9.999817013740539551e-01
-7.394454441964626312e-04 -4.316123668104410172e-04 1.153487479314208031e-03 9.999989867210388184e-01
4.057782061863690615e-04 2.272596611874178052e-04 -6.272672908380627632e-04 9.999997019767761230e-01
-4.019637592136859894e-03 -2.273317659273743629e-03 6.358369253575801849e-03 9.999691247940063477e-01
-9.800707630347460508e-05 -7.134521001717075706e-05 1.756181009113788605e-04 1.000000000000000000e+00
-3.922669216990470886e-03 -2.220877911895513535e-03 6.144363433122634888e-03 9.999709725379943848e-01
-7.617470342665910721e-03 -4.304430913180112839e-03 1.194843836128711700e-02 9.998903274536132812e-01
-2.262912504374980927e-02 -1.275748293846845627e-02 3.557467833161354065e-02 9.990293383598327637e-01
-2.625590376555919647e-02 -1.479721162468194962e-02 4.128031805157661438e-02 9.986929297447204590e-01
-2.708439342677593231e-02 -1.526006869971752167e-02 4.256415367126464844e-02 9.986099600791931152e-01
-1.958748325705528259e-02 -1.103457249701023102e-02 3.075203113257884979e-02 9.992741942405700684e-01
-6.009253207594156265e-03 -3.391239792108535767e-03 9.359424002468585968e-03 9.999324083328247070e-01
7.778692059218883514e-03 4.376366734504699707e-03 -1.236559823155403137e-02 9.998837113380432129e-01
5.221544764935970306e-03 2.945840591564774513e-03 -8.324425667524337769e-03 9.999473690986633301e-01
3.218346391804516315e-04 1.534446491859853268e-04 -6.069995579309761524e-04 9.999997615814208984e-01
-1.814221963286399841e-03 -1.046107499860227108e-03 2.732161432504653931e-03 9.999940991401672363e-01
-2.217375906184315681e-03 -1.288162660785019398e-03 3.347960300743579865e-03 9.999911189079284668e-01
-5.883532576262950897e-03 -3.337668953463435173e-03 9.061720222234725952e-03 9.999360442161560059e-01
-3.230155445635318756e-03 -1.834926311857998371e-03 4.872174002230167389e-03 9.999812245368957520e-01
1.885021920315921307e-03 1.048095291480422020e-03 -3.180126659572124481e-03 9.999926090240478516e-01
1.964804483577609062e-03 1.093835104256868362e-03 -3.276435425505042076e-03 9.999921321868896484e-01
-9.671603038441389799e-05 -2.962803409900516272e-05 -6.410286914615426213e-06 1.000000000000000000e+00
-8.098200196400284767e-04 -4.574968188535422087e-04 1.139640575274825096e-03 9.999989271163940430e-01
9.765198454260826111e-03 5.496545694768428802e-03 -1.550957188010215759e-02 9.998168945312500000e-01
9.417181834578514099e-03 5.298172589391469955e-03 -1.493564154952764511e-02 9.998300671577453613e-01
8.889456279575824738e-03 5.002348218113183975e-03 -1.404922734946012497e-02 9.998492598533630371e-01
3.610892686992883682e-03 2.042845357209444046e-03 -5.736073944717645645e-03 9.999749660491943359e-01
5.628705024719238281e-03 3.187517868354916573e-03 -8.920577354729175568e-03 9.999392628669738770e-01
6.250186823308467865e-03 3.538881428539752960e-03 -9.908586740493774414e-03 9.999251365661621094e-01
5.633970256894826889e-03 3.192348638549447060e-03 -8.936502039432525635e-03 9.999390840530395508e-01
1.380970701575279236e-03 7.863503415137529373e-04 -2.218020148575305939e-03 9.999963045120239258e-01
-3.066255943849682808e-03 -1.725093461573123932e-03 4.802022129297256470e-03 9.999822974205017090e-01
-4.092994611710309982e-03 -2.310257172212004662e-03 6.452378351241350174e-03 9.999681115150451660e-01
-9.730163146741688251e-04 -5.706131923943758011e-04 1.579550094902515411e-03 9.999980926513671875e-01
-9.902032325044274330e-04 -5.910402396693825722e-04 1.642613206058740616e-03 9.999979734420776367e-01
-4.546308889985084534e-03 -2.605196554213762283e-03 7.257939316332340240e-03 9.999599456787109375e-01
-1.381263975054025650e-02 -7.826573215425014496e-03 2.187141962349414825e-02 9.996347427368164062e-01
-1.835669204592704773e-02 -1.038662996143102646e-02 2.903220057487487793e-02 9.993559122085571289e-01
-1.925837621092796326e-02 -1.088404189795255661e-02 3.041757270693778992e-02 9.992924332618713379e-01
-2.381572499871253967e-02 -1.344759296625852585e-02 3.759222105145454407e-02 9.989188313484191895e-01
-2.026864513754844666e-02 -1.145127322524785995e-02 3.200275078415870667e-02 9.992166161537170410e-01
-2.008494734764099121e-02 -1.135261263698339462e-02 3.172861039638519287e-02 9.992302060127258301e-01
-1.853881031274795532e-02 -1.047186087816953659e-02 2.929769828915596008e-02 9.993439316749572754e-01
-2.175442688167095184e-02 -1.229841448366641998e-02 3.435249626636505127e-02 9.990972876548767090e-01
-2.214810810983181000e-02 -1.252424623817205429e-02 3.496786206960678101e-02 9.990645051002502441e-01
-2.157959155738353729e-02 -1.220837794244289398e-02 3.408750519156455994e-02 9.991112351417541504e-01
-2.178321965038776398e-02 -1.232897583395242691e-02 3.441642224788665771e-02 9.990940690040588379e-01
-2.295739576220512390e-02 -1.292884442955255508e-02 3.636707365512847900e-02 9.989911317825317383e-01
-3.227435424923896790e-02 -1.815423183143138885e-02 5.100371688604354858e-02 9.980117082595825195e-01
-3.314349055290222168e-02 -1.863931119441986084e-02 5.234916135668754578e-02 9.979046583175659180e-01
-3.182703629136085510e-02 -1.789073273539543152e-02 5.025056004524230957e-02 9.980690479278564453e-01
-3.064299002289772034e-02 -1.715902984142303467e-02 4.828003048896789551e-02 9.982162117958068848e-01
-2.291992492973804474e-02 -1.279692351818084717e-02 3.608328476548194885e-02 9.990039467811584473e-01
-1.499921362847089767e-02 -8.334381505846977234e-03 2.364237233996391296e-02 9.995732307434082031e-01
-5.993740633130073547e-03 -3.259918419644236565e-03 9.470580145716667175e-03 9.999318718910217285e-01
9.548850357532501221e-04 6.648460985161364079e-04 -1.466855988837778568e-03 9.999982714653015137e-01
6.994285620748996735e-03 4.079300444573163986e-03 -1.101128663867712021e-02 9.999065995216369629e-01
7.450128905475139618e-03 4.351041279733181000e-03 -1.175746414810419083e-02 9.998936653137207031e-01
3.560441313311457634e-03 2.172791166231036186e-03 -5.663284566253423691e-03 9.999752640724182129e-01
4.491872154176235199e-03 2.705303952097892761e-03 -7.175067905336618423e-03 9.999604821205139160e-01
-1.648374949581921101e-03 -7.441980997100472450e-04 2.452490851283073425e-03 9.999953508377075195e-01
-5.713228601962327957e-03 -3.029100829735398293e-03 8.827380836009979248e-03 9.999401569366455078e-01
-8.164316415786743164e-03 -4.378044512122869492e-03 1.268413010984659195e-02 9.998766183853149414e-01
-1.419384032487869263e-02 -7.733771111816167831e-03 2.218590863049030304e-02 9.996231794357299805e-01
-1.224578823894262314e-02 -6.607309449464082718e-03 1.911748200654983521e-02 9.997203946113586426e-01
-8.547241799533367157e-03 -4.499127622693777084e-03 1.333915069699287415e-02 9.998643994331359863e-01
-5.338554270565509796e-03 -2.697839634492993355e-03 8.290606550872325897e-03 9.999477267265319824e-01
1.562355319038033485e-03 1.135582569986581802e-03 -2.688324311748147011e-03 9.999945163726806641e-01
2.081531845033168793e-02 1.192542910575866699e-02 -3.294554352760314941e-02 9.991692304611206055e-01
1.512569747865200043e-02 8.735615760087966919e-03 -2.399716898798942566e-02 9.995594024658203125e-01
1.040246430784463882e-02 6.077787373214960098e-03 -1.657433435320854187e-02 9.997900724411010742e-01
7.816239260137081146e-03 4.563630092889070511e-03 -1.242187339812517166e-02 9.998818635940551758e-01
-2.640696242451667786e-03 -1.340490533038973808e-03 4.055731929838657379e-03 9.999873638153076172e-01
-9.263586252927780151e-03 -5.085269920527935028e-03 1.446487754583358765e-02 9.998395442962646484e-01
-9.831250645220279694e-03 -5.420848727226257324e-03 1.536806765943765640e-02 9.998188614845275879e-01
-5.208793096244335175e-03 -2.819911576807498932e-03 8.104880340397357941e-03 9.999496340751647949e-01
-3.348721424117684364e-03 -1.785894273780286312e-03 5.202795378863811493e-03 9.999792575836181641e-01
-4.340353887528181076e-03 -2.355445874854922295e-03 6.784507539123296738e-03 9.999647736549377441e-01
-1.687071518972516060e-03 -8.695920696482062340e-04 2.625716151669621468e-03 9.999947547912597656e-01
-7.168065290898084641e-03 -3.960833419114351273e-03 1.123769301921129227e-02 9.999033212661743164e-01
-6.053876131772994995e-03 -3.329838626086711884e-03 9.480101056396961212e-03 9.999312162399291992e-01
-5.218156613409519196e-03 -2.854264574125409126e-03 8.157367818057537079e-03 9.999490380287170410e-01
-6.546912249177694321e-03 -3.635552246123552322e-03 1.024219766259193420e-02 9.999195337295532227e-01
-4.271464888006448746e-03 -2.397623145952820778e-03 6.707228254526853561e-03 9.999654889106750488e-01
-9.006340056657791138e-03 -5.104178097099065781e-03 1.420596893876791000e-02 9.998455047607421875e-01
-1.163178216665983200e-02 -6.626687012612819672e-03 1.833493635058403015e-02 9.997422695159912109e-01
-1.046373508870601654e-02 -5.988541524857282639e-03 1.653893291950225830e-02 9.997905492782592773e-01
-9.889983572065830231e-03 -5.686797667294740677e-03 1.567723602056503296e-02 9.998120069503784180e-01
-1.514308061450719833e-02 -8.610932156443595886e-03 2.391309104859828949e-02 9.995622634887695312e-01
-8.596569299697875977e-03 -4.934779834002256393e-03 1.360324770212173462e-02 9.998583197593688965e-01
-1.658406341448426247e-03 -9.701301460154354572e-04 2.618455328047275543e-03 9.999947547912597656e-01
-6.217145826667547226e-03 -3.527458757162094116e-03 9.768410585820674896e-03 9.999267458915710449e-01
-4.938193131238222122e-03 -2.799310954287648201e-03 7.732252124696969986e-03 9.999539852142333984e-01
-3.732827724888920784e-03 -2.106577856466174126e-03 5.798677448183298111e-03 9.999740123748779297e-01
-4.455135669559240341e-03 -2.505297074094414711e-03 6.922534201294183731e-03 9.999629855155944824e-01
-4.956814926117658615e-03 -2.790369559079408646e-03 7.707782089710235596e-03 9.999541044235229492e-01
-2.114759525284171104e-03 -1.189511734992265701e-03 3.233655123040080070e-03 9.999918341636657715e-01
5.963251926004886627e-03 3.353921463713049889e-03 -9.473071433603763580e-03 9.999317526817321777e-01
1.000487152487039566e-02 5.623701494187116623e-03 -1.582328788936138153e-02 9.998089075088500977e-01
1.823176629841327667e-02 1.025815308094024658e-02 -2.875013463199138641e-02 9.993677139282226562e-01
1.423637010157108307e-02 8.003965020179748535e-03 -2.244247682392597198e-02 9.996147155761718750e-01
1.230488903820514679e-02 6.921830121427774429e-03 -1.940599270164966583e-02 9.997119903564453125e-01
1.235043630003929138e-02 6.955974269658327103e-03 -1.950711570680141449e-02 9.997092485427856445e-01
1.094033475965261459e-02 6.182881072163581848e-03 -1.732365414500236511e-02 9.997709393501281738e-01
1.256246306002140045e-02 7.112084887921810150e-03 -1.990395411849021912e-02 9.996976852416992188e-01
4.761745221912860870e-03 2.719009527936577797e-03 -7.598652970045804977e-03 9.999560713768005371e-01
2.814802806824445724e-03 1.633664709515869617e-03 -4.525589756667613983e-03 9.999844431877136230e-01
6.826986093074083328e-03 3.881746204569935799e-03 -1.081807445734739304e-02 9.999106526374816895e-01
1.009990368038415909e-02 5.734294652938842773e-03 -1.598580926656723022e-02 9.998047351837158203e-01
1.002377178519964218e-02 5.685255397111177444e-03 -1.583520136773586273e-02 9.998081922531127930e-01
8.163562975823879242e-03 4.574857186526060104e-03 -1.283039152622222900e-02 9.998738765716552734e-01
1.556452829390764236e-02 8.731083013117313385e-03 -2.447140589356422424e-02 9.995412230491638184e-01
3.052277863025665283e-02 1.705817691981792450e-02 -4.802632704377174377e-02 9.982338547706604004e-01
3.662258759140968323e-02 2.050097100436687469e-02 -5.766180157661437988e-02 9.974535703659057617e-01
3.153646737337112427e-02 1.765159144997596741e-02 -4.968366771936416626e-02 9.981108903884887695e-01
2.734076231718063354e-02 1.530015282332897186e-02 -4.310359805822372437e-02 9.985792040824890137e-01
2.504707127809524536e-02 1.401603966951370239e-02 -3.950610384345054626e-02 9.988070130348205566e-01
2.328153140842914581e-02 1.302828267216682434e-02 -3.674220666289329529e-02 9.989686012268066406e-01
2.815466746687889099e-02 1.576501131057739258e-02 -4.442171752452850342e-02 9.984915852546691895e-01
3.666624426841735840e-02 2.054751291871070862e-02 -5.781684070825576782e-02 9.974420070648193359e-01
4.460567981004714966e-02 2.500586025416851044e-02 -7.029031217098236084e-02 9.962149858474731445e-01
4.930642247200012207e-02 2.765165828168392181e-02 -7.768845558166503906e-02 9.953736662864685059e-01
4.995263740420341492e-02 2.801981195807456970e-02 -7.871351391077041626e-02 9.952506422996520996e-01
5.089013651013374329e-02 2.855119481682777405e-02 -8.022216707468032837e-02 9.950675368309020996e-01
4.929079115390777588e-02 2.765477076172828674e-02 -7.772166281938552856e-02 9.953717589378356934e-01
5.475810170173645020e-02 3.075142949819564819e-02 -8.638169616460800171e-02 9.942806959152221680e-01
5.293800681829452515e-02 2.973651699721813202e-02 -8.354911208152770996e-02 9.946521520614624023e-01
4.461332410573959351e-02 2.505589649081230164e-02 -7.044702023267745972e-02 9.962023496627807617e-01
4.249232634902000427e-02 2.383186481893062592e-02 -6.705445051193237305e-02 9.965591430664062500e-01
4.507958143949508667e-02 2.526822499930858612e-02 -7.110185921192169189e-02 9.961294531822204590e-01
4.552130773663520813e-02 2.549930848181247711e-02 -7.176894694566726685e-02 9.960556030273437500e-01
4.581589624285697937e-02 2.566219121217727661e-02 -7.220336794853210449e-02 9.960065484046936035e-01
3.130172565579414368e-02 1.757549494504928589e-02 -4.931057244539260864e-02 9.981381297111511230e-01
2.519584074616432190e-02 1.412898674607276917e-02 -3.965812921524047852e-02 9.987956881523132324e-01
2.899063564836978912e-02 1.626223698258399963e-02 -4.566085711121559143e-02 9.984037876129150391e-01
2.780889347195625305e-02 1.561489608138799667e-02 -4.383372887969017029e-02 9.985296130180358887e-01
2.115983143448829651e-02 1.188264694064855576e-02 -3.338971734046936035e-02 9.991477131843566895e-01
1.940442062914371490e-02 1.089791022241115570e-02 -3.064738214015960693e-02 9.992824792861938477e-01
1.098310295492410660e-02 6.170954089611768723e-03 -1.738665811717510223e-02 9.997694492340087891e-01
8.461008546873927116e-04 4.771096864715218544e-04 -1.416648156009614468e-03 9.999985098838806152e-01
-7.787551148794591427e-04 -4.291566729079931974e-04 1.155857928097248077e-03 9.999989271163940430e-01
1.082779187709093094e-02 6.083255168050527573e-03 -1.709526777267456055e-02 9.997767210006713867e-01
1.347593031823635101e-02 7.557312957942485809e-03 -2.119874954223632812e-02 9.996559023857116699e-01
1.431125774979591370e-02 8.016183041036128998e-03 -2.245706506073474884e-02 9.996132254600524902e-01
1.684913225471973419e-02 9.439106099307537079e-03 -2.643775939941406250e-02 9.994638562202453613e-01
1.924783736467361450e-02 1.078928541392087936e-02 -3.021976538002490997e-02 9.992997050285339355e-01
-2.555621089413762093e-03 -1.450454816222190857e-03 4.110595211386680603e-03 9.999872446060180664e-01
-2.461448777467012405e-03 -1.382006448693573475e-03 3.927806392312049866e-03 9.999883174896240234e-01
-7.683030329644680023e-03 -4.308524541556835175e-03 1.207815017551183701e-02 9.998882412910461426e-01
-1.417049486190080643e-02 -7.937303744256496429e-03 2.226876094937324524e-02 9.996200799942016602e-01
-1.707440800964832306e-02 -9.563124738633632660e-03 2.684606239199638367e-02 9.994480013847351074e-01
-2.058934792876243591e-02 -1.155850384384393692e-02 3.242950513958930969e-02 9.991950988769531250e-01
-2.021695114672183990e-02 -1.136305741965770721e-02 3.187070414423942566e-02 9.992229342460632324e-01
-2.342034317553043365e-02 -1.317096315324306488e-02 3.692614287137985229e-02 9.989566802978515625e-01
-2.417238987982273102e-02 -1.361281704157590866e-02 3.816996514797210693e-02 9.988861083984375000e-01
-1.733450777828693390e-02 -9.793636389076709747e-03 2.745567634701728821e-02 9.994247555732727051e-01
5.148250609636306763e-03 2.849550917744636536e-03 -7.937205024063587189e-03 9.999511837959289551e-01
9.169591590762138367e-03 5.114696919918060303e-03 -1.426951400935649872e-02 9.998430609703063965e-01
1.986188441514968872e-02 1.114764064550399780e-02 -3.113991580903530121e-02 9.992554783821105957e-01
2.029725909233093262e-02 1.140982098877429962e-02 -3.186818212270736694e-02 9.992208480834960938e-01
2.282244898378849030e-02 1.282205805182456970e-02 -3.586519509553909302e-02 9.990137219429016113e-01
1.026895549148321152e-02 5.775962956249713898e-03 -1.612454466521739960e-02 9.998005628585815430e-01
5.708114244043827057e-03 3.221193794161081314e-03 -8.986572735011577606e-03 9.999381303787231445e-01
3.597262082621455193e-03 2.036736812442541122e-03 -5.681608803570270538e-03 9.999753236770629883e-01
5.510488990694284439e-04 3.195165772922337055e-04 -8.611602825112640858e-04 9.999994039535522461e-01
4.563533584587275982e-04 2.607569040264934301e-04 -6.738313240930438042e-04 9.999996423721313477e-01
2.418205514550209045e-02 1.359149161726236343e-02 -3.802692145109176636e-02 9.988915920257568359e-01
2.420014515519142151e-02 1.359914243221282959e-02 -3.804374486207962036e-02 9.988903999328613281e-01
2.455491945147514343e-02 1.380669884383678436e-02 -3.856205567717552185e-02 9.988590478897094727e-01
2.884498611092567444e-02 1.621952280402183533e-02 -4.532520845532417297e-02 9.984239935874938965e-01
3.258518129587173462e-02 1.833867654204368591e-02 -5.126791819930076599e-02 9.979847073554992676e-01
3.282608836889266968e-02 1.850138418376445770e-02 -5.171492695808410645e-02 9.979507327079772949e-01
3.267383575439453125e-02 1.843130961060523987e-02 -5.151415988802909851e-02 9.979674220085144043e-01
3.359984606504440308e-02 1.895482838153839111e-02 -5.298610776662826538e-02 9.978498220443725586e-01
3.152632340788841248e-02 1.779937185347080231e-02 -4.973153024911880493e-02 9.981062412261962891e-01
2.518215402960777283e-02 1.423239894211292267e-02 -3.974301740527153015e-02 9.987911581993103027e-01
9.948921389877796173e-03 5.653363652527332306e-03 -1.573495008051395416e-02 9.998106956481933594e-01
5.571098998188972473e-03 3.180308034643530846e-03 -8.791656233370304108e-03 9.999407529830932617e-01
-3.074474167078733444e-03 -1.712070195935666561e-03 4.891229327768087387e-03 9.999818205833435059e-01
-6.991260685026645660e-03 -3.940170165151357651e-03 1.111180242151021957e-02 9.999060630798339844e-01
-1.144823711365461349e-02 -6.450507789850234985e-03 1.813162118196487427e-02 9.997492432594299316e-01
-1.287152338773012161e-02 -7.260407321155071259e-03 2.037606760859489441e-02 9.996831417083740234e-01
-1.166507415473461151e-02 -6.589279975742101669e-03 1.846087910234928131e-02 9.997398257255554199e-01
-8.471284992992877960e-03 -4.792454186826944351e-03 1.340307015925645828e-02 9.998627901077270508e-01
-4.195412155240774155e-03 -2.375645563006401062e-03 6.608920637518167496e-03 9.999665617942810059e-01
-6.171650020405650139e-04 -3.451299271546304226e-04 9.073903202079236507e-04 9.999993443489074707e-01
7.304658065550029278e-04 4.127588763367384672e-04 -1.241900492459535599e-03 9.999988675117492676e-01
2.152700908482074738e-03 1.214597257785499096e-03 -3.491274081170558929e-03 9.999908804893493652e-01
2.670560963451862335e-03 1.506990753114223480e-03 -4.308453295379877090e-03 9.999859929084777832e-01
2.663319231942296028e-03 1.503633568063378334e-03 -4.297356121242046356e-03 9.999861121177673340e-01
-1.332070329226553440e-03 -7.458401960320770741e-04 2.014407189562916756e-03 9.999967813491821289e-01
